Sexo;SV;AU;AA;Ans;Dep
 ; ; ; ; ; 
 ; ; ; ; ; 
 ; ; ; ; ; 
 ; ; ; ; ; 
 ; ; ; ; ; 
 ; ; ; ; ; 
 ; ; ; ; ; 
 ; ; ; ; ; 
 ; ; ; ; ; 
 ; ; ; ; ; 
 ; ; ; ; ; 
 ; ; ; ; ; 
 ; ; ; ; ; 
 ; ; ; ; ; 
 ; ; ; ; ; 
 ; ; ; ; ; 
 ; ; ; ; ; 
 ; ; ; ; ; 
 ; ; ; ; ; 
 ; ; ; ; ; 
 ; ; ; ; ; 
 ; ; ; ; ; 
 ;31;17;34;9;9
 ; ; ; ; ; 
 ; ; ; ; ; 
 ; ; ; ; ; 
 ; ; ; ; ; 
 ; ; ; ; ; 
 ; ; ; ; ; 
 ; ; ; ; ; 
 ; ; ; ; ; 
 ; ; ; ; ; 
 ; ; ; ; ; 
 ; ; ; ; ; 
 ; ; ; ; ; 
 ; ; ; ; ; 
 ; ; ; ; ; 
 ;5;30;19;10;24
 ; ; ; ; ; 
 ; ; ; ; ; 
 ; ; ; ; ; 
 ; ; ; ; ; 
 ; ; ; ; ; 
 ; ; ; ; ; 
 ; ; ; ; ; 
0;23;32;33;7;9
0; ; ; ;9;11
0;20;23;30;11;11
0;26;22;29;7;9
0; ; ; ; ; 
0; ; ; ; ; 
0; ; ; ;18;23
0;16;24;25;12;14
0;23; ;25;11;10
0;19;24;27;8;10
0;35;21;31;12;13
0;23; ;32;8;9
0;28;28;34;12;14
0;23; ; ;7;13
0; ; ; ; ; 
0;28;23;31;7;7
0;29;26;34;8;8
0; ; ; ; ; 
0;25;30;31;11; 
0; ; ; ; ; 
0;27;31;34;8;9
0;23;19;35;7;9
0;19;28;27;8;9
0; ; ; ; ; 
0;16;31;23;7;25
0;22; ; ;7;12
0;35;24;36;8;7
0;24;33;34;7;7
0;33;25;34;11;9
0;35;31;35;8; 
0;21;32;35;7;7
0;24;27;35;8;9
0;27;26;32;10;13
0;29;27;35;7;8
0;24;29;23;7;17
0;26;24;30;7;7
0;29;27;26;16;18
0;31; ; ; ;7
0;25;24;30;8;7
0;21;26;30;11;9
0;29;25;32; ;9
0;34;21;31; ;8
0; ; ; ; ; 
0;18;24;26;10;19
0;20;27;24;11;14
0;21;18;28;9;11
0;34;30;35;8;7
0;34; ; ; ; 
0;34;25;34;9;12
0;30;28;23;8;13
0; ; ; ; ; 
0;24;29;35;8;9
0;24;30;29;10;16
0;15;30;22;7;11
0;22;23;28;11;14
0;19;11;23;17;23
0;25;23;21;11;15
0;13;30;18;9;14
0;18;26;31;7;8
0; ;22;28;12; 
0;27;32;33; ; 
0;28;27;33;8;7
0;25;30; ;8;8
0;15; ;25; ;15
0;30;36;36;9;8
0;24;25;33;7;8
0; ; ; ; ; 
0; ; ; ; ; 
0; ; ; ; ; 
0;14;18;14;12;20
0;25;34;36;7;8
0; ; ; ; ; 
0; ; ; ; ; 
0;24;20;34;14;14
0;15;26;28;8;13
0;16;27;27;13;19
0;25;31;31;13;13
0;17;28;23;9;16
0;19;26;27;7;8
0;16;24;20;15;22
0;33;31;34;13;13
0;26;29;31;8;11
0; ; ; ;14;14
0;35;29;35;8;9
0;26;25;29;10;14
0;30;21;27;7;11
0;28;28;33;8;8
0;17;30;30;8;7
0;8;28;7;16;28
0; ; ; ; ; 
0;32;25;36;7;8
0;33;31;33;14;12
0; ; ; ;9;8
0;27;13;29;7;8
0; ; ; ; ; 
0; ; ; ;19;20
0;22;25;24;10;11
0;33;31;32;12;12
0;19;35;33;8;12
0;25;27;33;9;8
0;11;23;16;9;21
0; ; ; ; ; 
0;8;21;20;13;9
0;11;13;35;10;7
0;27;30;32;9;9
0;5; ; ;8;12
0;33;28;35;7;8
0; ; ; ;23; 
0; ; ; ; ; 
0; ; ; ; ; 
0;19;23;22;11;10
0; ; ; ; ; 
0;27; ; ;9;11
0;31;20;34;9;9
0;16;19;29;11;14
0;7;21; ;11;18
0;25;26;26;10;11
0;6;21;23;10;9
0;18;23;32;9;10
0; ; ; ; ; 
0; ; ; ; ; 
0;28;31;33;8;9
0;18;33;26;10;23
0;6;16;11;18;27
0;17;15; ;12;24
0;22;27;29;13;13
0; ; ; ; ; 
0; ; ; ;9;11
0; ; ; ; ; 
0;23;24;36;11;14
0; ; ; ;15; 
0; ; ; ; ; 
0;33;26;36;14;13
0; ; ; ;20;23
0;18;25; ;14;14
0; ; ; ; ; 
0; ; ; ;7;7
0; ; ; ; ; 
0;32;21;35;8;11
0;33;23;34;14;11
0;5; ;22;10;13
0;16;26;25; ;22
0;12;29;22;8;14
0;29;24;36;7;10
0; ; ; ; ; 
0; ; ; ;15; 
0; ; ; ; ; 
0;14;21;19;14;14
0; ; ; ;11;10
0;24;21;31;13;12
0; ; ; ; ; 
0; ; ; ; ; 
0;15;22;25;11;10
0;23;33;29;7;12
0; ; ; ;10;15
0;13;30;26;13;18
0;22;24;30;8;9
0;16;15;25;7;14
0;35;26;33;7;9
0; ; ; ; ; 
0;23;21;27;9;17
0; ; ; ; ; 
0;21;33;34;7;9
0;25; ; ;12;8
0; ; ; ; ; 
0;29;23;32;11;13
0;23;29;31;9;14
0; ; ; ; ; 
0; ; ; ; ; 
0;26;20; ;7;13
0;17;23;29;7;10
0; ; ; ; ; 
0;23;31;31;8;9
0;21;20;22;8;15
0; ;22;24;13;17
1;23;19;21;11;16
1;30;28;35;7;12
1;29;27;35;10;8
1;31;23;31;16;15
1;25; ; ;18;17
1;5;19;8;9;17
1;17;23;24;9;13
1; ; ; ; ; 
1;27;32;35;7;8
1;31;19;36;9;10
1; ; ; ; ; 
1; ; ; ;7;12
1;23;25;28;17;9
1;30;22;31;9;8
1;32;33;35;8;9
1;26;26;26;8;14
1;24;28;30;13;11
1; ; ; ; ; 
1;21;25;33;15;15
1;19;24;19;7;19
1; ; ; ; ; 
1;19;20;18;16;18
1; ; ; ; ; 
1;30;19;26;8;12
1;19;21;26;10;14
1;30;28;33;12;10
1; ; ; ; ;10
1;22;26;27;7;15
1;31;28; ;8;11
1;33;30;35;8;12
1;32;26;35;13; 
1;35;32;36;9;7
1; ; ; ; ; 
1;31;27;32;14;9
1;18;25;34;11;14
1;26;34;34;10;10
1;20;28;31;15;12
1;29;29;36;9;9
1;32;26;35;8;8
1; ; ; ;11;9
1; ; ; ; ; 
1;30;25;35;7;8
1;15;29;32;10;14
1;29;33;36;7;7
1; ; ; ;7;10
1;31; ;33;8;7
1;35;25;36;7;7
1;10;19;17;10;18
1; ; ; ;16;25
1;30;25;36;7;8
1;22;25;29;7;8
1;29;11;35;8;12
1;11;32;28;15;12
1;32;29;35;10;8
1;29;21;32;15;14
1;29;26;34;9;8
1;26;34;33;25;14
1;10;20;14;10; 
1;28; ;28;8;10
1;25;27;33;8;7
1; ; ; ; ; 
1;8;26;21;10;21
1;32;36;36;9;8
1;26;25;33;7;7
1; ; ; ;28;25
1; ; ; ;8;12
1;12;29;19;9;16
1;15;10;19;19;18
1;27;27;36;7;7
1;27;29;31;7;11
1;22;28;31;7;9
1;21;22;20;17;15
1;29;21;32;7; 
1;18;25;23;7;11
1; ; ; ;9;11
1;31;20;31;7;7
1;23;24;30;9;11
1; ; ; ; ; 
1;27;28;32;7;8
1;31;18;29;10;9
1; ; ; ; ; 
1;19;30;35;10;11
1;33;32;35;7;7
1;28;16;36;19;15
1;23;20;29;14;18
1;19;8;22;12;14
1; ; ; ; ; 
1;24;33;27;10;12
1;30;31;30;13;9
1;29;24;36;9;10
1; ; ; ; ; 
1;22;26;28;11;16
1; ; ; ; ; 
1;31;24;36; ;10
1;23;23;34;9;13
1; ; ; ; ; 
1;28;20;33;10;10
1; ; ; ; ; 
1;27;16;32;7;10
1;29;31;31;7;7
1;16;36;35;12;10
1;28;29;33;8;11
1;29;26;32;7;7
1;25; ; ;8;9
1;33;23;31;9;10
1;34;24;32;9;12
1;33;17;26;10;13
1;29;32;35;8;10
1; ; ; ; ; 
1;25;14;33;20;14
1;15; ; ;13;21
1;21; ;26;12;11
1;15;27;28;11;11
1;21;16;27;7;14
1; ; ; ;18;27
1; ; ; ; ; 
1;25;22;31;9;12
1; ; ; ; ; 
1;22;23;31;8;10
1;8;19;19;19;22
1;29;24;31;9;13
1; ; ; ; ; 
1;27;26;33;9;9
1;23;25;33;9;8
1;11; ; ;15;20
1;31;35;35;7;7
1;27;25;36;10;12
1;18;23;25;8;14
1;35;20;36;12;10
1;25;22; ;8;8
1;21;18;27;8;9
1;14;30; ;9;8
1;16;18;26;13;14
1; ; ; ; ; 
1;21;25;25;11;13
1;30;18;31;7;11
1;28;33;32;7;7
1;21;17;20;17;15
1;23;23;30;11;8
1;25;18; ;8;13
1;16;24;29;14;11
1;15;26;16;9;13
1; ; ; ;7;7
1;26;21;32;7;8
1;20;22;25;16;14
1;25;24;28;12;9
1;28;22;34;9;8
1;23;21;27;10;10
1;28;15;28;10;13
1;28;23;32;18;15
1;32;24;31;8;9
1;8;17;18;17;16
1;19;21;29;7;12
1;23;19;20;14;18
1;25;26;30;9;9
1;33;25;36;7;7
1;35;27;35;8;9
1; ; ; ; ; 
1;35;32;36;8;7
1; ; ; ; ; 
1;25;19;24;7;11
1;30;29;34;8;8
1;18;25;29;10;9
1;34;23;36;8;8
1; ; ; ;7;9
1;32;25;31;7;8
1;27;26;30;8;12
1;31;34;36;7;8
1;14;18; ;11;16
1;11;25;13;13;23
1;14;31;23;8;10
1;10;22; ;16;14
1;27;13;33;10;12
1;11;26; ;8;15
1;24;16;30;10;12
1;10;15;10;9;17
1;5;19;16;8;26
1;12;28;28;11;9
1;15;23;31;8;9
1;29;24;34;8;8
1;8;19;17; ;17
1;31;24;34;8;7
1;23;33;35;10;14
1;19;27;24;11;12
1;34; ; ;7;7
1;24;21;31;7;7
1;35;29;36;11;9
1;20;29;24;15;16
1; ; ; ; ; 
1;15;24;29;8;12
1; ; ; ;7;7
1;23;28;25;14;13
1;9;13;17;22;24
1;14;15;17;14;16
1;34;28;35;8;10
1;22;17;21;14;12
1;24;27;31;10;11
1; ; ; ; ; 
1;35;36;31;7;8
1;28;27;31;7;14
1;21;27;30;11;10
1;27;31;36;7;7
1;21;30;29;7;12
1;30;28;33;7;7
1; ; ; ;8;9
1;20; ; ;7;8
1;34;21;34;11;10
1;25;13;24;9;12
1;26;24;36;11; 
1;34;31;36;9;8
1;34;27;29;7;7
1; ; ; ; ; 
1;25; ;33;7;9
1;34;30;34;8;8
1;17;36;32;9; 
1;29; ; ;8;7
1;21;23;21;11;13
1;11;21;21;10;11
1;23;31;32;8;7
1;25; ;25;9;14
1; ; ; ;10;11
1; ; ; ;16;14
1;28; ; ;12; 
1;11;23;24;13;7
1;32;21;35;7;8
1;26;25;34;11;9
1;14;20; ;7; 
1;9;17;22;8;15
1; ; ; ; ; 
1; ; ; ;10;13
1;15;13;20;16;16
1; ; ; ; ; 
1; ; ; ; ; 
1;27;32;30;7;10
1; ; ; ; ; 
1;29;28;36;10;10
1;17;22;26;8;10
1;8;24;28;9;10
1;30;22; ;14;14
1;26;30;36;9;7
1;26;21;34;14; 
1;20;21;21;12; 
1;17;23;26;7;12
1;30;27;34;12;12
1; ; ; ;7;7
1;22;27;30;7;9
1;23;28;29;10; 
1;17;24;20;17;22
1; ; ; ; ; 
1;29;25;25;10;10
1;29;28;34;8;8
1;30;22;31;7;8
1;25;14;26;8;12
1; ; ; ; ; 
1;20;13;22;12;10
1;19;20;30;8;10
1;7;34; ;19;28
1;25;33;33;10;10
1; ; ; ; ; 
1;26; ; ;9;12
1; ;29; ;9;9
1;27;26;31;7;14
1;16;18;31;21;16
1;35;30;35;8;7
1;27;26;32;7;9
1;30;24;35;7;11
1;11;23;25;11;16
1;23;30;30;8;11
1; ; ; ;14;15
1;25;25;29;11;10
1;29;25;35;9;14
1;35;32;36;9;9
1;34;24;34;10;10
1; ; ; ; ; 
1;21;22; ;15;13
1;13; ; ;12;14
1;30;27;30;7; 
1; ; ; ;8;10
1;24;23;29;13;16
1;29;28;30;8;8
1;35;29;36;8;8
1;27;19;35;10;8
1;21;22;22;10;13
1;34;23;36;7;9
1;30;22;35;8;10
1;26;25;27;9;11
1;14; ; ;15;16
1;31;22; ;7;8
1;28;24;36;7;10
1;28;21;35;11;10
1;18;26;27;10;14
1;29;16;21;14;9
1;22;24;32;8;9
1;24;26;33;11;13
1;34;12;34;7;7
1;31;31;33;10;12
1;24; ; ;8;10
1;7;19;18;18;22
1;12;24;16;11;20
1;34;25;36;13;10
1;26;19;30;13;15
1; ; ; ; ; 
1;25; ; ;15;13
1; ; ; ;11;8
1;10;31;22;25;26
1;26;19;21;13;10
1;33;24;31;11;10
1;8;20;8;10;28
1;30;14;35;7;8
1;29;25;31;10;10
1;17;27;33;7;8
1;23; ;23;28;25
1;20;21;22;17;19
1;16;16;27;16;16
1;32;30;33;12;9
1;22;23;14;10;17
1;33;24;31; ;9
1;22;20;27;11;14
1;15; ; ;14;10
1;25;25;35;7;10
1;31;18;36;9;9
1;26;27;35;10;8
1;8;17;17;10;17
1;24;24;31;7;14
1;33;13;35;10;9
1;10; ; ;21;16
1;26;27;32;7;8
1;28;22;32;7;7
1;29; ; ;7;9
1;20;26;34;7;9
1;28;22;33;10;9
1; ; ; ;18;28
1;31;27;31;18;13
1;35;28;35;8;9
1;7;18;14;15;28
1;34;27;35;9;11
1;21;28;31;7;10
1;24;25;19;11;19
1;13;29;22;8;13
1; ; ; ; ; 
1;34;34;36;7;9
1;30;25;34;9;8
1; ; ; ; ; 
1;6;15;21;26;28
1;9;18;18;11;16
1;33;28;31;8;8
1;29;25;32;9;10
1;22;20;30;10;11
1;32;27;34;12;11
1;32;34;34;7;8
1; ; ; ; ; 
1;25;20;33;12;9
1; ; ; ;8;15
1;33;22;34;13;10
1; ; ; ; ; 
1;34;32;36;8;9
1;24;27;32;8;8
1;26;24;33;10;12
1;21;26;28; ;13
1;28;32;27;7;8
1;32;25;34;9;8
1; ; ; ; ; 
1;34;22;35;7;9
1;27;35;36;7;8
1; ; ; ;12; 
1;31;30; ;12;15
1;18;21;34;7;9
1;32;32;36;9;10
1;28;27;34;7;10
1; ; ; ; ; 
1;10;27;23;10;12
1;8; ; ;18;27
1;33;25;36;7;8
1;18;35;27;11;11
1; ; ; ; ; 
1;26;21;16;8;7
1;30; ; ;10;10
1; ; ; ;10;15
1;27; ;30;9;10
1;19;26;24;17;17
1;17;36;30;9;13
1;31;24;27;10;12
1;25; ; ;8; 
1;24; ; ;25;25
1;7;21;29;19;12
1;32;30;34;18;10
1;30;36;34;8;8
1;18;21;29;10;9
1; ; ; ;12; 
1;27; ; ;11;17
1;14;13;20;27;27
1;11;25;14;16;22
1; ; ; ;8;10
1;21;36;27;15;12
1;23;30;30;9;11
1;23;26;32;9;11
1;15;36;36;15;7
1;15;28;31;7;12
1;34;26;31;10;12
1; ; ; ;14;14
1;32;33;34;8;12
1;26;26;35;7;7
1;6;31;17;10; 
1; ; ; ;9;9
1;27;26;31;7;7
1;18;20;21;10;16
1; ; ; ; ; 
1;33;26;35;7;10
1;24;16; ;12; 
1;24;31;36;8;10
1;20;18;21;13;18
1;28;15;26;11;14
1;20;18;29;8;9
1; ; ; ;18;12
1;31;27;36;10;14
1; ; ; ; ; 
1;30;36;36;8;8
1;16;29;19;14;19
1;26;23;30;11;10
1;30;27;36;11;11
1; ; ; ; ; 
1;23;19;22;13;15
1;28;27;31;7;10
1;10; ; ;15;17
1;24;26;33;8;8
1;30;20;31;18;15
1;34;21;30;10;12
1; ; ; ; ; 
1;30;15; ;16;13
1;7;24;17;7;16
1;14;23;26;14;23
1;13; ; ;8;8
1; ; ; ; ; 
1;5;23;12;14;19
1;29;21;33;9;7
1;17;19; ;15;20
1;15;21; ;16; 
1;22;24;33;12;10
1;18;17;20;19;21
1; ; ; ; ; 
1;14;28;31;9;9
1; ; ; ;7;8
1; ; ; ;16;16
1;31;31;32;11;9
1; ; ; ;16;16
1;12; ; ;14;20
1;7; ; ;16;17
1;13;17;23;13;22
1;28;17;31;7;7
1; ; ; ; ; 
1;10; ; ;8;10
1; ; ; ; ; 
1;6;24;6;20;22
1;32;22;30;8;13
1;26;15;17;20;21
1;31;30;31;10;14
1; ; ; ;7;10
1;28;23;32;12; 
1;21;30;29;9;10
1;12;21; ; ; 
1; ; ; ; ; 
1;22;32;26;13;7
1;31;15;25;14;16
1;17;25;26;15;15
1; ; ; ; ; 
1;35;20;36;14;7
