sex;DASS1;DASS2;DASS3;DASS4;DASS5;DASS6;DASS7;DASS8;DASS9;DASS10;DASS11;DASS12;DASS13;DASS14;DASS15;DASS16;DASS17;DASS18;DASS19;DASS20;DASS21
 ; ; ; ; ; ; ; ; ; ; ; ; ; ; ; ; ; ; ; ; ; 
 ; ; ; ; ; ; ; ; ; ; ; ; ; ; ; ; ; ; ; ; ; 
 ; ; ; ; ; ; ; ; ; ; ; ; ; ; ; ; ; ; ; ; ; 
 ; ; ; ; ; ; ; ; ; ; ; ; ; ; ; ; ; ; ; ; ; 
 ; ; ; ; ; ; ; ; ; ; ; ; ; ; ; ; ; ; ; ; ; 
 ; ; ; ; ; ; ; ; ; ; ; ; ; ; ; ; ; ; ; ; ; 
 ; ; ; ; ; ; ; ; ; ; ; ; ; ; ; ; ; ; ; ; ; 
 ; ; ; ; ; ; ; ; ; ; ; ; ; ; ; ; ; ; ; ; ; 
 ; ; ; ; ; ; ; ; ; ; ; ; ; ; ; ; ; ; ; ; ; 
 ; ; ; ; ; ; ; ; ; ; ; ; ; ; ; ; ; ; ; ; ; 
 ; ; ; ; ; ; ; ; ; ; ; ; ; ; ; ; ; ; ; ; ; 
 ; ; ; ; ; ; ; ; ; ; ; ; ; ; ; ; ; ; ; ; ; 
 ; ; ; ; ; ; ; ; ; ; ; ; ; ; ; ; ; ; ; ; ; 
 ; ; ; ; ; ; ; ; ; ; ; ; ; ; ; ; ; ; ; ; ; 
 ; ; ; ; ; ; ; ; ; ; ; ; ; ; ; ; ; ; ; ; ; 
 ; ; ; ; ; ; ; ; ; ; ; ; ; ; ; ; ; ; ; ; ; 
 ; ; ; ; ; ; ; ; ; ; ; ; ; ; ; ; ; ; ; ; ; 
 ; ; ; ; ; ; ; ; ; ; ; ; ; ; ; ; ; ; ; ; ; 
 ; ; ; ; ; ; ; ; ; ; ; ; ; ; ; ; ; ; ; ; ; 
 ; ; ; ; ; ; ; ; ; ; ; ; ; ; ; ; ; ; ; ; ; 
 ; ; ; ; ; ; ; ; ; ; ; ; ; ; ; ; ; ; ; ; ; 
 ; ; ; ; ; ; ; ; ; ; ; ; ; ; ; ; ; ; ; ; ; 
 ;1;1;1;1;2;1;1;2;2;1;1;2;2;2;1;1;1;2;2;1;1
 ; ; ; ; ; ; ; ; ; ; ; ; ; ; ; ; ; ; ; ; ; 
 ; ; ; ; ; ; ; ; ; ; ; ; ; ; ; ; ; ; ; ; ; 
 ; ; ; ; ; ; ; ; ; ; ; ; ; ; ; ; ; ; ; ; ; 
 ; ; ; ; ; ; ; ; ; ; ; ; ; ; ; ; ; ; ; ; ; 
 ; ; ; ; ; ; ; ; ; ; ; ; ; ; ; ; ; ; ; ; ; 
 ; ; ; ; ; ; ; ; ; ; ; ; ; ; ; ; ; ; ; ; ; 
 ; ; ; ; ; ; ; ; ; ; ; ; ; ; ; ; ; ; ; ; ; 
 ; ; ; ; ; ; ; ; ; ; ; ; ; ; ; ; ; ; ; ; ; 
 ; ; ; ; ; ; ; ; ; ; ; ; ; ; ; ; ; ; ; ; ; 
 ; ; ; ; ; ; ; ; ; ; ; ; ; ; ; ; ; ; ; ; ; 
 ; ; ; ; ; ; ; ; ; ; ; ; ; ; ; ; ; ; ; ; ; 
 ; ; ; ; ; ; ; ; ; ; ; ; ; ; ; ; ; ; ; ; ; 
 ; ; ; ; ; ; ; ; ; ; ; ; ; ; ; ; ; ; ; ; ; 
 ; ; ; ; ; ; ; ; ; ; ; ; ; ; ; ; ; ; ; ; ; 
 ;3;1;2;1;4;3;3;3;1;3;3;2;4;3;2;4;4;3;1;1;3
 ; ; ; ; ; ; ; ; ; ; ; ; ; ; ; ; ; ; ; ; ; 
 ; ; ; ; ; ; ; ; ; ; ; ; ; ; ; ; ; ; ; ; ; 
 ; ; ; ; ; ; ; ; ; ; ; ; ; ; ; ; ; ; ; ; ; 
 ; ; ; ; ; ; ; ; ; ; ; ; ; ; ; ; ; ; ; ; ; 
 ; ; ; ; ; ; ; ; ; ; ; ; ; ; ; ; ; ; ; ; ; 
 ; ; ; ; ; ; ; ; ; ; ; ; ; ; ; ; ; ; ; ; ; 
 ; ; ; ; ; ; ; ; ; ; ; ; ; ; ; ; ; ; ; ; ; 
1;1;1;1;1;2;2;1;1;1;1;2;2;2;1;1;1;1;2;1;1;1
1;1;1;2;1;2;2;1;1;2;1;1;1;3;2;1;1;1;2;2;1;1
1;1;2;1;2;2;1;1;2;2;1;2;2;2;2;1;2;1;2;2;1;2
1;2;1;2;1;1;2;1;2;1;1;2;2;2;2;1;1;1;2;1;1;1
1; ; ; ; ; ; ; ; ; ; ; ; ; ; ; ; ; ; ; ; ; 
1; ; ; ; ; ; ; ; ; ; ; ; ; ; ; ; ; ; ; ; ; 
1;3;4;3;3;3;3;2;2;2;3;3;2;4;3;2;3;3;3;3;2;4
1;2;2;2;2;3;2;1;2;1;1;2;3;2;2;2;3;1;3;2;2;2
1;3;2;1;1;2;3;2;1;2;1;2;1;2;1;1;2;1;1;1;2;1
1;2;1;1;1;2;2;1;2;1;1;2;3;2;1;2;2;1;3;1;1;1
1;2;2;2;1;2;2;1;2;2;1;2;2;2;2;2;2;2;2;2;2;2
1;2;1;1;2;2;1;1;2;1;1;2;1;2;2;1;1;1;1;1;1;1
1;3;1;2;2;2;2;1;3;2;3;3;3;2;3;2;2;2;3;3;1;1
1;2;1;2;1;2;2;1;2;1;1;1;1;2;2;1;1;3;3;1;1;2
1; ; ; ; ; ; ; ; ; ; ; ; ; ; ; ; ; ; ; ; ; 
1;1;1;1;1;1;1;1;1;1;1;1;1;1;2;1;1;1;1;1;1;1
1;2;2;1;1;1;2;1;1;1;1;2;2;2;1;1;1;1;2;1;1;1
1; ; ; ; ; ; ; ; ; ; ; ; ; ; ; ; ; ; ; ; ; 
1;2;3;2;2;3;2;1;2;1;1;1;2; ;3;1;3;1;2;1;2;2
1; ; ; ; ; ; ; ; ; ; ; ; ; ; ; ; ; ; ; ; ; 
1;1;2;1;1;2;2;1;1;1;1;1;2;2;2;1;1;1;2;1;1;1
1;1;1;1;1;2;2;1;1;1;1;2;1;2;2;1;1;1;2;1;1;1
1;2;2;1;1;2;1;1;1;1;1;2;2;2;2;1;1;1;2;1;1;1
1; ; ; ; ; ; ; ; ; ; ; ; ; ; ; ; ; ; ; ; ; 
1;3;1;3;1;4;3;1;3;1;4;2;2;2;2;1;4;4;3;1;1;4
1;1;1;2;1;2;2;1; ;1;2;1;1;2;1;1;1;2;1;1;1;1
1;1;1;1;1;1;2;1;1;1;1;1;2;1;2;1;1;1;1;2;1;1
1;2;1;1;1;1;2;1;2;1;1;1;1;1;1;1;1;1;1;1;1;1
1;2;1;1;2;2;2;1;2;3;1;2;2;2;2;1;1;1;2;1;2;1
1;2;2; ;1;2;2;1;1;1;1;3;2;2;2;1;1;1;1;1;1;1
1;1;1;1;1;1;1;1;1;1;1;1;1;1;1;1;1;1;1;1;1;1
1;1;2;2;1;2;1;1;1;1;1;1;1;1;1;1;1;1;1;1;1;1
1;3;1;2;1;2;2;1;2;2;2;2;2;2;2;2;2;1;3;1;2;2
1;1;1;1;1;2;1;1;1;1;1;2;2;1;2;1;1;1;1;1;1;1
1;3;1;2;1;2;1;1;1;1;2;1;2;3;1;1;2;4;1;1;1;2
1;2;1;1;1;1;2;1;1;1;1;1;1;1;2;1;1;1;1;1;1;1
1;2;2;2;3;2;2;2;2;2;2;3;4;3;3;2;3;3;2;3;2;3
1;1;1;1;1;1;1;1;1;1;1;1;1;1;1;1;1;1;1; ;1;1
1;2;1;1;1;1;1;1;1;2;1;1;1;1;2;1;1;1;1;1;1;1
1;2;3;1;1;2;2;2;1;1;1;1;1;2;1;1;1;1;1;2;1;1
1;2;1;1; ;3;2;1;3;1;1;1;3;1;2;1;1;1;2;1;2;1
1;2;2;1;2;1;2; ;3;2;1;2;2;2;1;1;1;1;2;2;1;1
1; ; ; ; ; ; ; ; ; ; ; ; ; ; ; ; ; ; ; ; ; 
1;2;3;1;1;3;1;1;1;1;2;2;2;4;2;1;4;1;2;2;1;4
1;3;1;3;1;1;2;1;3;1;2;3;4;4;4;4;2;1;2;1;2;1
1;3;1;2;1;2;2;2;2;2;1;2;2;2;1;1;2;1;3;1;1;1
1;2;1;1;1;1;1;1;1;1;1;1;1;1;1;1;1;1;2;2;1;1
1; ; ; ; ; ; ; ; ; ; ; ; ; ; ; ; ; ; ; ; ; 
1;2;1;1;2;2;3;1;3;2;1;2;3;2;2;1;2;2;2;1;1;2
1;1;1;1;2;4;2;1;2;1;1;1;1;2;1;1;2;2;1;1;1;1
1; ; ; ; ; ; ; ; ; ; ; ; ; ; ; ; ; ; ; ; ; 
1;1;1;2;1;1;2;1;2;1;1;2;1;1;1;1;2;1;1;2;1;1
1;2;2;1;1;1;1;1;2;1;1;2;1;2;1;1;3;4;2;1;3;4
1;3;1;1;1;3;2;1;2;1;2;2;2;2;2;1;1;1;1;1;1;1
1;3;3;1;1;3;3;1;2;2;2;2;2;2;2;1;2;2;2;2;1;2
1;4;3;3;4;3;3;1;4;2;4;3;4;4;4;3;3;4;4;2;2;2
1;4;1;2;1;2;2;1;1;2;3;3;2;2;3;2;2;2;2;2;2;2
1;2;1;2;1;1;1;1;2;1;1;1;1;3;1;1;2;3;3;3;1;2
1;2;1;1;1;1;2;1;1;1;1;1;2;1;2;1;2;1;2;1;1;1
1;2;3;2;1;3;2;1;3;2;2;3;2;2;2;2; ; ;3;1;2;2
1;3;4; ;2;2;1;3;3;3; ; ;3; ; ; ; ; ; ; ; ; 
1;1;1;1;1;1;2;1;1;2;1;1;1;1;2;1;1;1;1;1;1;1
1;1;1;1;1;1;1;1;1;1;1;1;2;2;2;1;1;1;2;2;1;1
1;3;1;2;1;2;1;3;2;2;3; ;2;2;2; ;2;2;2;2;3;2
1;1;2;1;2;2;2;1;2;1;1;2;2;1;1;1;1;1;2;1;1;1
1;1;1;1;1;1;2;1;1;1;1;1;1;2;1;1;1;1;1;1;1;1
1; ; ; ; ; ; ; ; ; ; ; ; ; ; ; ; ; ; ; ; ; 
1; ; ; ; ; ; ; ; ; ; ; ; ; ; ; ; ; ; ; ; ; 
1; ; ; ; ; ; ; ; ; ; ; ; ; ; ; ; ; ; ; ; ; 
1;3;1;3;2;1;3;1;3;2;3;2;4;3;2;3;4;2;3;2;1;4
1;1;1;1;1;1;2;1;2;1;1;2;1;2;2;1;1;1;2;1;1;1
1; ; ; ; ; ; ; ; ; ; ; ; ; ; ; ; ; ; ; ; ; 
1; ; ; ; ; ; ; ; ; ; ; ; ; ; ; ; ; ; ; ; ; 
1;2;2;2;2;2;2;2;2;2;2;2;2;2;2;2;2;2;2;2;2;2
1;2;1;1;1;3;2;1;2;2;3;2;1;3;1;1;1;1;1;1;1;1
1;3;2;2;1;3;4;3;3;3;3;3;4;3;2;1;3;2;3;2;1;3
1;2;2;2;2;2;1;2;2;2;2;2;1;3;2;1;2;1;2;2;2;1
1;3;1;2;1;2;2;1;2;1;2;3;3;3;3;2;3;2;3;2;1;2
1;1;1;1;1;2;1;1;1;1;1;2;2;1;1;1;1;1;1;1;1;1
1;2;4;3;2;2;4;2;4;3;3;3;3;4;2;1;3;3;3;1;2;4
1;3;2;1;4;3;2;2;2;2;3;3;4;2;1;1;2;1;1;1;1;1
1;2;2;2;1;3;2;1;2;1;1;1;1;2;1;1;1;1;1;1;1;1
1;2;2;2;2;2;2;2;2;2;2;2;2;2;2;2;2;2;2;2;2;2
1;2;1;1;1;2;2;1;1;1;1;1;1;2;2;1;1;1;2;2;1;1
1;2;1;2;1;2;2;2;2;1;2;2;2;2;2;1;2;2;2;2;2;2
1;2;1;2;1;2;3;1;2;1;1;2;2;2;2;1;2;1;2;1;1;1
1;1;1;1;1;2;2;1;1;1;1;1;1;1;3;1;1;1;1;2;1;1
1;2;1;1;1;1;1;2;1;1;1;2;2;1;3;1;1;1;1;1;1;1
1;3;2;4;2;4;1;1;3;3;4;3;4;4;2;3;4;4;2;2;3;4
1; ; ; ; ; ; ; ; ; ; ; ; ; ; ; ; ; ; ; ; ; 
1;1;1;1;1;1;2;1;1;1;1;1;1;2;1;1;1;1;1;1;1;1
1;2;2;2;2;2;2;2;2;2;1;2;2;2;2;2;2;2;2;2;2;1
1;3;2;1;1;1;1;1;1;2;1;1;2;2;1;1;1;1;2;1;1;1
1;2;1;1;1;1;1;1;1;1;1;2;2;2;2;1;1;1;2;1;1;1
1; ; ; ; ; ; ; ; ; ; ; ; ; ; ; ; ; ; ; ; ; 
1;2;2;3;3;4;2;2;3;2;4;4;4;3;3;3;2;3;4;4;3;1
1;3;3;2;1;3;3;1;2;1;1;2;1;2;1;1;1;1;2;1;2;1
1;2;1;2;2;2;2;2;2;2;1;2;2;2;2;2;2;2;2;2;1;1
1;1;2;3;1;2;1;1;1;1;2;3;2;2;2;1;1;1;2;1;1;1
1;2;2;1;1;1;2;2;2;1;1;2;1;1;1;1;2;1;1;1;1;1
1;2;1;3;1;4;2;1;1;1;3;1;2;4;3;3;3;2;3;1;1;2
1; ; ; ; ; ; ; ; ; ; ; ; ; ; ; ; ; ; ; ; ; 
1;1;2;1;2;2;1;2;1;2;1;2;2;1;1;2;2;1;1;2;1;1
1;1;2;1;2;1;1;1;1;1;1;1;1;1;1;1;1;1;1;2;1;1
1;2;1;1;2;3;2;1;3;1;1;2;3;1;3;1;1;1;2;2;1;1
1;2;1;2;1;2;2;1;2;2;2;2;2;2;2;1;1;2;2;1;1;1
1;1;1;1;1;1;1;1;1;1;1;2;2;2;2;1;1;1;2;1;1;1
1;2;4;2;4;4;3;3;3;3; ;3;3;3;3;3;3;3; ;3;3;3
1; ; ; ; ; ; ; ; ; ; ; ; ; ; ; ; ; ; ; ; ; 
1; ; ; ; ; ; ; ; ; ; ; ; ; ; ; ; ; ; ; ; ; 
1;2;3;2;1;2;2;2;2;2;1;1;3;2;2;1;1;1;2;1;1;1
1; ; ; ; ; ; ; ; ; ; ; ; ; ; ; ; ; ; ; ; ; 
1;3;1;1;1;2;3;2;2;1;2;2;2;2;2;1;2;1;2;2;1;1
1;2;2;1;1;2;2;1;1;2;1;1;1;2;2;1;1;1;1;1;1;1
1;1;3;2;1;3;1;2;1;1;1;1;1;2;1;1;3;1;2;2;1;2
1;2;1;2;1;2;3;1;3;3;3;3;3;3;2;3;3;3;3;1;1;2
1;2;3;2;1;2;1;1;1;2;1;1;1;2;1;1;1;2;1;1;1;1
1;1;2;1;1;2;2;2;2;2;1;2;1;2;1;1;1;1;1;1;1;1
1;2;2;1;1;2;2;1;2;1;1;2;1;2;2;1;2;1;2;2;1;1
1; ; ; ; ; ; ; ; ; ; ; ; ; ; ; ; ; ; ; ; ; 
1; ; ; ; ; ; ; ; ; ; ; ; ; ; ; ; ; ; ; ; ; 
1;2;1;1;1;1;2;2;1;1;1;2;2;2;2;1;2;1;2;1;1;1
1;2;1;3;1;4;2;1;1;1;3;3;2;4;1;3;3;2;1;1;2;4
1;3;2;4;1;4;4;4;4;4;4;2;1;4;4;3;3;4;2;2;2;4
1;2;2;3;1;3;3;1;2;3;4;2;2;4;2;2;3;4;4;1;2;3
1;2;3;2;2;3;2;2;3;2;2;2;2;2;2;1;1;1;2;2;1;2
1; ; ; ; ; ; ; ; ; ; ; ; ; ; ; ; ; ; ; ; ; 
1;2;1;2;1;3;2;2;1;1;1;2;2;2;2;1;1;1;2;2;1;1
1; ; ; ; ; ; ; ; ; ; ; ; ; ; ; ; ; ; ; ; ; 
1;2;2;2;1;2;2;2;2;2;2;2;2;2;2;2;2;2;2;1;1;2
1;2;3;2;2;2;2;2;2;2;2;3;3;3;2;2; ;2;2;2;2;2
1; ; ; ; ; ; ; ; ; ; ; ; ; ; ; ; ; ; ; ; ; 
1;4;2;2;2;2;2;2;4;2;2;2;2;2;2;2;2;1;2;2;2;2
1;4;2;4;2;2;3;4;3;3;3;3;3;3;3;3;3;4;3;3;3;4
1;2;2;1;1;3;3;1;2;3;2;3;1;2;1;1;3;2;3;3;3;1
1; ; ; ; ; ; ; ; ; ; ; ; ; ; ; ; ; ; ; ; ; 
1;1;1;1;1;1;1;1;1;1;1;1;1;1;1;1;1;1;1;1;1;1
1; ; ; ; ; ; ; ; ; ; ; ; ; ; ; ; ; ; ; ; ; 
1;2;1;2;1;2;1;1;2;1;1;2;2;2;1;2;2;1;2;1;1;1
1;2;2;2;2;2;2;2;2;2;2;2;1;2;2;2;1;1;2;2;2;1
1;2;2;2;1;2;2;1;2;1;2;2;2;2;1;3;2;2;1;1;1;1
1;2;1;3;1;3;3;2;3;3;3;3;3;3;3;3;3;4;3; ;2;3
1;2;2;2;1;2;1;1;1;1;1;1;2;3;2;1;2;2;1;1;1;2
1;1;1;1;1;2;3;1;2;1;1;3;2;2;2;1;1;2;3;1;1;1
1; ; ; ; ; ; ; ; ; ; ; ; ; ; ; ; ; ; ; ; ; 
1;3;3; ;2;4;2;1;2;2;3;3;2;3;2;3;2; ;2;2;2;4
1; ; ; ; ; ; ; ; ; ; ; ; ; ; ; ; ; ; ; ; ; 
1;1;3;2;2;2;2;2;2;1;2;2;2;2;2;2;2;2;2;2;2;2
1;2;2;1;2;2;2;2;2;1;1;3;2;2;3;1;2;1;3;2;1;1
1;3;3;2;2;2;2;1;2;2;1;2;3;2;2;2;2;2;3;2;1;1
1; ; ; ; ; ; ; ; ; ; ; ; ; ; ; ; ; ; ; ; ; 
1; ; ; ; ; ; ; ; ; ; ; ; ; ; ; ; ; ; ; ; ; 
1;3;1;2;1;2;2;4;2;1;1;3;3;2;1;1;1;1;2;1;2;1
1;1;1;2;1;2;1;1;2;1;2;2;2;2;2;1;1;2;2;1;1;1
1;2;2;1;2;1;1;1;3;1;1;1;2;3;2;2;3;3;1;1;1;3
1;2;1;1;2;3;2;1;3;2;3;3;3;3;3;3;3;3;3;2;2;2
1;2;2;1;1;2;2;1;2;1;1;1;1;1;1;1;2;1;1;1;1;1
1;3;1;2;1;2;3;1;3;1;2;2;3;3;3;1;2;2;3;1;1;1
1;2;1;1;1;2;2;1;1;1;1;2;2;2;1;1;1;1;2;1;1;1
1; ; ; ; ; ; ; ; ; ; ; ; ; ; ; ; ; ; ; ; ; 
1;1;2;2;1;3;3;1;3;2;2;3;3;3;2;1;3;2;3;1;1;2
1; ; ; ; ; ; ; ; ; ; ; ; ; ; ; ; ; ; ; ; ; 
1;1;1;1;1;2;2;1;1;1;1;1;2;1;1;1;2;1;3;1;1;1
1;2;2;1;1;1;2;3;2;2;1;2;2;2;2;1;1;1;2;2;1;1
1; ; ; ; ; ; ; ; ; ; ; ; ; ; ; ; ; ; ; ; ; 
1;2;2;2;2;2;2;1;2;2;2;3;3;2;2;1;2;2;2;2;1;1
1;2;1;2;1;2;2;1;2;1;2;2;2;2;2;2;2;2;2;1;2;2
1; ; ; ; ; ; ; ; ; ; ; ; ; ; ; ; ; ; ; ; ; 
1; ; ; ; ; ; ; ; ; ; ; ; ; ; ; ; ; ; ; ; ; 
1;1;1;2;1;2;2;1;1;1;1;2;2;2;2;1;1;2;1;1;1;3
1;1;1;1;1;2;1;1;2;1;1;2;2;2;2;1;2;1;1;1;1;1
1; ; ; ; ; ; ; ; ; ; ; ; ; ; ; ; ; ; ; ; ; 
1;2;2;2;1;2;1;1;1;1;1;1;1;1;2;1;1;1;1;1;1;1
1;1;1;2;1;3;1;1;2;2;3;2;2;2;3;1;2;1;3;1;1;2
1;2;2;2;2;3;2;1;2;2;3; ;1;3;4;1;2;2;2;3;2;2
2;2;2;2;1;1;2;2;3;1;2;3;3;3;2;2;2;3;2;1;2;3
2;2;1;2;1;2;2;1;2;1;2;2;2;2;2;1;2;1;1;1;1;1
2;1;2;1;2;1;1;1;1;1;1;2;2;2;1;1;1;1;1;1;2;1
2;3;2;2;2;2;2;2;2;3;2;2;3;3;2;3;3;2;3;2;2;1
2;3;2;2;2;3;3;3;3;3;3;3;3;3;3;3;2;2;3;3;2;2
2;4;3;2;1;3;4;1;4;1;2;4;4;3;2;1;2;3;3;1;1;2
2;3;2;3;1;2;3;1;2;1;2;3;4;3;2;1;1;1;1;1;2;1
2; ; ; ; ; ; ; ; ; ; ; ; ; ; ; ; ; ; ; ; ; 
2;2;1;1;1;2;1;1;1;1;1;2;2;1;1;1;1;1;1;1;1;1
2;2;3;1;1;1;2;1;2;1;2;1;1;2;2;1;2;1;2;1;1;1
2; ; ; ; ; ; ; ; ; ; ; ; ; ; ; ; ; ; ; ; ; 
2;2;1;1;1;2;2;1;2;1;2;2;1;3;2;1;1;2;2;1;1;1
2;4;4;2;2;1;3;3;3;1;1;3;3;2;4;1;1;1;4;4;2;1
2;1;1;1;2;1;1;1;1;1;1;1;1;2;2;1;1;1;1;2;1;1
2;2;1;1;1;2;1;2;2;1;1;2;2;2;2;1;1;1;2;1;1;1
2;1;1;2;1;2;2;1;1;2;3;2;2;2;2;1;2;2;1;1;1;1
2;2;1;1;2;3;2;1;2;2;1;1;3;3;1;3;1;1;2;2;2;1
2; ; ; ; ; ; ; ; ; ; ; ; ; ; ; ; ; ; ; ; ; 
2;3;2;2;2;1;1;1;3;3;3;2;2;3;1;3;2;2;3;3;1;2
2;1;1;2;1;3;1;1;1;1;3;1;2;3;2;1;3;3;2;1;1;2
2; ; ; ; ; ; ; ; ; ; ; ; ; ; ; ; ; ; ; ; ; 
2;3;2;3;3;2;2;2;3;3;4;3;3;3;2;1;2;2;3;3;2;2
2; ; ; ; ; ; ; ; ; ; ; ; ; ; ; ; ; ; ; ; ; 
2;2;1;2;1;2;2;1;1;1;1;2;2;2;2;1;1;2;2;1;2;2
2;2;2;2;2;2;2;2;2;1;2;1;2;2;1;1;2;2;2;1;1;2
2;2;2;2;2;2;2;2;3;2;1;2;2;2;2;1;1;1;3;2;1;1
2;2;2;1; ;2;2;1;4;1;1;4;3;2;1;1;2;1;2;1;1;1
2;2;1;2;1;3;1;1;1;1;2;1;1;3;2;1;1;2;1;1;1;2
2;2;1;1;1;2;1;1;2;2;1;1;2;3;2;1;2;1;2;1;1;1
2;2;2;2;1;2;2;1;1;1;2;2;2;2;1;1;2;1;1;1;1;1
2;2;1; ;2;2;2;1;2;3;2;3;3;3;2;2;1;1;2;2;2;1
2;1;1;1;2;1;2;1;1;1;1;2;2;1;2;1;1;1;2;2;1;1
2; ; ; ; ; ; ; ; ; ; ; ; ; ; ; ; ; ; ; ; ; 
2;2;1;2;2;1;3;3;2;1;1;3;3;2;1;2;1;1;2;3;2;1
2;2;2;2;2;2;3;1;2;2;2;2;2;2;2;1;2;2;2;2;1;2
2;2;1;2;2;2;2;1;2;2;1;2;3;2;3;1;1;1;3;2;1;1
2;2;3;1;1;2;2;4;2;2;1;2;2;2;2;1;2;2;2;3;1;2
2;1;2;1;1;1;1;2;2;1;1;1;2;2;1;1;2;1;1;1;1;1
2;2;1;1;1;1;1;1;2;1;1;2;2;2;1;1;1;1;1;2;1;1
2;1;3;1;1;2;1;2;2;1;1;1;2;1;1;1;2;1;2;2;1;1
2; ; ; ; ; ; ; ; ; ; ; ; ; ; ; ; ; ; ; ; ; 
2;2;1;1;1;1;1;1;2;1;1;1;2;2;1;1;1;1;1;1;1;1
2;2;2;1;1;4;2;1;2;3;2;3;3;3;3;1;2;1;4;1;1;1
2;1;1;1;1;1;1;1;1;1;1;1;1;1;1;1;1;1;1;1;1;1
2;2;1;1;1;2;2;1;2;1;1;2;2;2;1;1;2;1;2;1;1;1
2;2;2;1;1;1;2;1;1;1;1;2;2;1;1;1;1;1;2;1;1;1
2;2;1;1;1;1;1;1;1;1;1;2;2;1;1;1;1;1;1;1;1;1
2;2;2;3;1;2;2;1;2;2;3;2;3;3;1;1;2;2;2;1;2;3
2;2;1;3;1;4;3;1;1;3;4;2;2;4;1;3;4;3;1;3;4;3
2;2;1;1;1;1;1;1;1;1;1;1;2;2;1;1;1;1;1;1;1;1
2;2;1;1;1;1;2;1;1;1;1;2;2;1;1;1;2;1;1;1;1;1
2;1;2;2;1;2;1;1;2;1;1;1;2;3;2;1;2;1;2;1;1;1
2;3;2;2;3;1;2;2;4;1;2;4;4;3;2;1;1;1;4;4;2;2
2;1;2;1;1;2;1;1;1;1;1;1;1;1;1;1;1;1;1;3;1;1
2;2;2;2;1;2;2;1;3;3;4;4;3;2;4;3;1;1;4;2;3;2
2;1;1;1;1;2;1;1;1;2;1;1;1;1;1;1;1;1;1;2;1;1
2;2;3;2;4;2;3;4;4;4;2;4;4;2;3;3;3;2;4;4;3;1
2;4;2;2;1;4;2;2;2;2;4;2;3; ;1;1;2;3;3;1;1;1
2;2;1;1;1;2;2;1;2;1;1;2;2;2;1;1;1;2;2;1;2;1
2;2;1;1;1;1;2;1;1;2;1;1;1;1;1;1;1;1;2;1;1;1
2; ; ; ; ; ; ; ; ; ; ; ; ; ; ; ; ; ; ; ; ; 
2;2;1;3;1;3;2;2;2;1;3;2;3;3;1;1;3;3;1;1;3;3
2;2;1;1;1;1;2;1;2;2;1;2;2;2;1;1;1;1;2;2;1;1
2;1;1;1;1;1;1;1;1;1;1;1;1;1;2;1;1;1;2;1;1;1
2;4;4;4;4;1;4;4;4;4;4;4;4;4;4;4;4;4;4;4;4;4
2;2;2;1;1;2;1;1;2;1;2;2;2;3;2;1;2;1;2;1;1;1
2;2;1;2;1;3;2;2;2;1;3;2;3;2;1;1;1;3; ;2;1;2
2;4;2;3;2;2;2;1;3;4;3;3;4;3;3;3;3;2;3;4;3;2
2;2;1;1;1;1;2;1;2;1;1;2;2;1;2;1;1;1;2;1;1;1
2;3;1;2;1;2;3;1;2;1;1;2;2;2;2;1;2;1;2;1;1;1
2;3;1;1;1;2;2;1;2;1;1;2;2;2;1;1;1;1;2;1;1;1
2;2;1;2;3;3;3;2;2;4;2;2;2;3;3;3;2;2;2;2;2;1
2; ;1;1;1;2;2;1;2;1;1;1;2; ;2;1;1;1;2;1;1;1
2;3;1;3;1;2;2;1;2;1;1;2;2;2;2;1;1;1;2;1;1;1
2;2;2;2;1;2;1;1;2;1;1;1;2;2;1;1;2;1;2;2;1;1
2;2;1;1;1;1;1;1;2;1;1;1;2;1;1;1;1;1;2;1;1;1
2;2;1;2;1;3;1;3;2;1;1;2;2;2;1;1;1;1;1;1;1;1
2; ; ; ; ; ; ; ; ; ; ; ; ; ; ; ; ; ; ; ; ; 
2;2;1;1;1;1;1;1;1;1;1;1;1;2;1;1;1;1;2;1;1;1
2;2;1;1;2;2;2;1;2;2;1;2;2;2;2;1;1;1;2;1;2;1
2; ; ; ; ; ; ; ; ; ; ; ; ; ; ; ; ; ; ; ; ; 
2;2;2;2;2;2;2;1;2;1;1;1;1;2;2;1;2;1;2;2;1;1
2;1;1;1;1;1;1;1;1;1;1;1;1;1;1;1;1;1;1;1;1;1
2;4;3;3;2;2;4;2;4;4;2;4;4;4;4;3;2;1;4;3;2;1
2;3;2;4;2;2;4;2;4;2;3;3;3;3;3;2;3;2;3;2;2;1
2;2;2;3;1;2;2;1;3;2;2;3;3;2;2;2;2;2;2;2;2;1
2; ; ; ; ; ; ; ; ; ; ; ; ; ; ; ; ; ; ; ; ; 
2;2;4;2;1;1;2;1;2;1;1;3;2;2;3;1;3;1;1;1;1;2
2;3;4;2;3;1;2;1;3;1;1;3;4;2;2;1;1;1;3;2;1;1
2;2;1;2;1;2;2;1;2;2;1;1;2;2;1;1;1;1;1;2;1;1
2; ; ; ; ; ; ; ; ; ; ; ; ; ; ; ; ; ; ; ; ; 
2;1;2;2;2;2;2;1;1;1;2;2;2;3;2;2;3;2;2;1;2;2
2; ; ; ; ; ; ; ; ; ; ; ; ; ; ; ; ; ; ; ; ; 
2;2;1;1;1;2;2;1;2;1;1;2;1;2;2; ;2;1;1;1;1;1
2;2;1;2;2;2;2;1;2;1;3;2;2;2;1;1;2;1;2;2;1;1
2; ; ; ; ; ; ; ; ; ; ; ; ; ; ; ; ; ; ; ; ; 
2;2;2;1;2;1;1;1;2;2;1;2;2;2;2;1;2;2;2;1;1;1
2; ; ; ; ; ; ; ; ; ; ; ; ; ; ; ; ; ; ; ; ; 
2;1;1;1;1;1;1;1;1;1;1;2;2;2;1;1;1;2;1;1;1;2
2;2;1;1;1;1;2;1;2;1;1;1;2;1;2;1;1;1;1;1;1;1
2;4;1;2;3;1;1;3;1;1;1;4;4;2;1;1;2;1;4;2;1;1
2;2;1;1;2;2;2;1;3;1;2;2;2;2;1;1;2;1;3;1;1;1
2;2;1;1;1;1;2;1;1;1;1;1;2;1;2;1;1;1;1;1;1;1
2;3;1;1;1;2;2;1;2;1;1;2;2;2;1;1;1;1;2;2;1;1
2;2;1;1;1;2;2;1;2;2;1;3;3;2;3;2;1;2;3;1;1;1
2;3;2;2;1;2;4;1;2;2;2;2;2;2;3;1;2;1;3;1;1;1
2;2;2;3;1;1;3;1;2;2;2;2;3;2;2;1;2;2;2;1;2;1
2;1;1;2;1;1;2;1;2;1;1;2;2;2;1;1;2;1;2;1;2;1
2; ; ; ; ; ; ; ; ; ; ; ; ; ; ; ; ; ; ; ; ; 
2;3;3;2;2;2;3;4;3;4;2;2;3;3;2;3;1;1;2;2;2;3
2;3;1;3;2;3;3;2;4;2;3;2;4;4;3;2;2;2;3;3;1;4
2;2;2;2;2;2;2;2;2;2;1;2;2;2;2;1;2;1;2;2;1;1
2;2;2;2;2;1;3;1;3;1;1;2;2;3;3;1;2;1;4;2;2;1
2;3;1;2;1;3;2;1;2;1;1;3;2;2;1;1;3;1;3;1;1;2
2;4;2;4;4;4;4;2;4;3;3;3;4;4;2;2;4;4;4;4;1;4
2; ; ; ; ; ; ; ; ; ; ; ; ; ; ; ; ; ; ; ; ; 
2;2;2;1;1;3;3;1;3;2;1;2;2;3;3;1;2;1;2;1;1;1
2; ; ; ; ; ; ; ; ; ; ; ; ; ; ; ; ; ; ; ; ; 
2;2;2;2;1;2;2;1;2;1;1;1;3;2;2;1;1;1;2;1;1;1
2;2;2;3;3;3;3;3;3;3;3;3;4;4;3;3;3;3;3;2;3;3
2;3;1;2;1;2;3;2;2;2;2;3;4;2;2;1;2;1;3;1;1;2
2; ; ; ; ; ; ; ; ; ; ; ; ; ; ; ; ; ; ; ; ; 
2;2;2;1;1;1;2;1;2;1;1;2;2;2;1;1;1;1;2;2;1;2
2;2;2;1;1;1;1;1;2;1;1;1;1;2;1;1;1;1;2;2;1;1
2;3;3;2;2;3;3;1;2;3;3;3;3;3;2;2;3;3;2;2;2;3
2;1;1;1;1;1;1;1;1;1;1;1;2;1;1;1;1;1;1;1;1;1
2;2;2;2;1;2;2;2;2;2;1;2;2;2;2;1;2;2;2;1;1;1
2;1;2;2;1;1;2;1;2;1;2;2;2;2;2;1;2;2;2;1;1;3
2;2;2;2;2;2;2;2;2;1;1;2;2;2;2;2;1;1;2;2;1;1
2;2;1;1;1;2;1;1;1;2;1;2;2;1;2;1;1;1;1;1;1;1
2;1;2;1;1;2;1;1;2;1;1;2;1;2;1;1;1;1;1;1;1;1
2;1;1;1;1;1;1;1;1;2;1;3;2;2;1;1;1;1;1;2;1;1
2;3;2;2;2;2;2;2;2;2;2;2;2;2;2;1;2;2;2;2;2;2
2; ; ; ; ; ; ; ; ; ; ; ; ; ; ; ; ; ; ; ; ; 
2;2;1;2;2;2;2;2;2;2;2;2;2;2;2;1;1;2;2;2;1;2
2;1;1;1;1;2;2;1;1;1;1;2;2;2;2;1;3;1;3;1;1;1
2;1;1;1;1;1;2;1;1;1;1;1;1;1;1;1;1;1;1;1;1;1
2;4;3;2;2;2;3;3;4;2;2;4;4;3;2;3;1;3;4;3;1;2
2;2;3;1;1;2;1;1;2;2;1;2;2;1;2;1;1;1;2;2;1;1
2;2;1;2;1;2;1;1;3;1;2;1;2;2;2;1;2;2;2;2;1;1
2;2;2;2;2;2;2;2;3;2;1;2;2;2;2;2;2;1;2;2;2;1
2;2;2;2;1;3;2;1;2;2;1;3;2;2;2;1;2;2;2;1;1;1
2;2;1;1;1;1;1;1;1;1;1;1;1;1;1;1;1;1;1;1;1;1
2;2;1;1;1;1;1;1;1;1;1;1;2;2;1;1;1;1;1;1;1;1
2;3;2;2;3;2;3;2;4;3;2;3;3;2;4;2;2;2;4;2;2;2
2;4;3;1;1;1;2;1;1;3;1;2;2;2;1;2;1;2;2;1;1;1
2;2;2;1;2;1;2;1;1;1;1;2;2;2;1;1;1;1;2;1;1;1
2;3;1;1;2;2;2;1;3;2;1;2;2;2;2;1;2;1;2;2;1;1
2;2;2;1;2;3;3;2;3;1;1;2;2;3;3;1;3;1;1;1;1;1
2;2;1;2;2;1;3;2;4;4;2;2;2;3;3;3;3;2;2;4;2;2
2;1;2;1;1;2;2;1;2;1;1;2;2;2;1;1;1;1;1;1;1;1
2;2;2;3;3;3;2;2;3;3;2;3;3;3;1;2;2;2;2;3;2;1
2;1;1;2;1;2;1;1;1;1;1;2;2;2;2;1;2;1;2;1;1;2
2;3;2;2;2;3;3;2;3;1;2;3;2;3;2;2;2;3;2;2;3;3
2;2;1;1;2;2;2;1;2;1;1;2;2;2;1;1;1;1;2;1;2;1
2;1;1;1;1;1;2;1;1;1;1;1;2;1;1;1;1;1;1;1;1;1
2;1;2;1;1;2;2;1;1;1;1;2;1;2;2;1;1;1;1;1;1;1
2; ; ; ; ; ; ; ; ; ; ; ; ; ; ; ; ; ; ; ; ; 
2;1;2;1;1;1;2;1;1;1;1;1;1;1;1;1;1;1;1;1;1;1
2; ; ; ; ; ; ; ; ; ; ; ; ; ; ; ; ; ; ; ; ; 
2;2;1;2;1;1;1;1;2;1;2;2;2;2;1;1;1;1;3;1;1;2
2;1;2;1;1;1;2;1;2;1;1;1;2;2;2;1;1;1;1;1;1;1
2;3;1;2;1;1;1;2;2;2;1;1;2;2;2;2;1;1;2;1;1;1
2;1;2;1;1;1;1;1;2;1;1;1;1;2;1;1;1;1;1;1;1;1
2;1;1;1;1;2;1;1;2;1;1;1;2;1;1;1;1;2;1;1;1;1
2;2;1;1;1;1;2;1;2;1;1;2;1;2;2;1;1;1;2;1;1;1
2;1;1;2;1;1;1;1;1;1;1;1;2;2;2;1;2;2;1;2;1;2
2;2;1;1;1;2;2;1;2;1;1;2;2;1;1;1;1;1;2;1;1;1
2;2;2;2;2;2;2;1;3;1;2;2;3;3;2;1;3;2;3;2;2;2
2;2;1;2;1;4;3;2;3;3;4;3;3;3;2;3;4;3;3;2;1;3
2;1;1;2;1;2;1;1;2;1;1;1;2;2;1;2;1;1;2;1;1;1
2;3;3;2;2;2;2;2;3;2;2; ;2;3;2;3;2;2;3;2;2;1
2;3;1;2;1;2;1;2;2;2;1;2;2;2;2;1;2;2;2;2;1;1
2;2;2;2;1;1;1;1;2;1;2;2;2;3;2;1;2;3;2;1;1;2
2;2;2;2;1;2;2;2;2;1;1;2;2;2;2;1;2;2;2;2;1;1
2;2;2;2;1;3;1;1;1;1;2;1;1;3;2;1;2;3;3;2;1;2
2;2;2;4;1;2;2;1;1;1;4;1;2;4;1;1;4;4;3;1;1;4
2;2;2;1;1;1;2;1;2;2;1;2;2;2;1;1;1;1;2;2;2;2
2;1;2;2;1;1;1;1;1;1;1;2;2;2;2;1;1;1;2;1;1;1
2;2;2;1;1;1;2;1;2;1;1;2;2;2;1;1;1;1;2;1;1;1
2;2;1;3;1;3;2;1;2;1;3;2;2;3;2;1;2;1;2;1; ;2
2;1;2;1;1;1;1;1;1;1;1;1;1;1;1;1;1;1;1;1;1;1
2;2;2;2;2;2;1;1;2;1;2;2;2;2;2;2;2;2;2;1;1;2
2;2;2;2;1;2;2;1;2;2;1;3;3;2;2;2;2;2;2;2;1;1
2;1;1;1;1;1;1;1;1;1;1;1;1;1;1;1;1;1;1;1;1;1
2;1;1;1;1;1;1;1;1;1;1;1;1;1;1;1;1;1;1;1;1;1
2;2;3;2;2;1;3;1;2;2;1;2;2;2;2;1;1;1;2;1;1;1
2;2;2;3;3;2;2;1;2;2;2;3;2;3;2;3;2;2;2;2;2;2
2; ; ; ; ; ; ; ; ; ; ; ; ; ; ; ; ; ; ; ; ; 
2;2;1;2;1;3;2;1;2;1;1;2;2;2;2;1;2;1;2;1;2;1
2;1;1;1;1;1;2;1;1;1;1;1;1;1;1;1;1;1;1;1;1;1
2;1;4;2;2;2;2;1;2;2;2;2;3;3;2;1;2;1;2;2;2;1
2;4;3;4;3;3;3;3;4;4;3;3;3;4;3;3;3;4;3;3;3;3
2;4;3;2;1;3;2;3;2;2;3;3;3;2;2;2;2;2;2;2;1;2
2;2;2;2;1;1;3;1;2;1;3;3;3;1;1;1;1;1;1;1;1;1
2;3;3;2;1;2;3;2;3;3;2;3;3;2;1;1;2;1;3;3;1;1
2;2;2;2;2;2;1;2;2;1;2;1;1;2;1;1;1;1;1;1;1;1
2; ; ; ; ; ; ; ; ; ; ; ; ; ; ; ; ; ; ; ; ; 
2;1;1;1;1;1;1;1;1;1;1;1;1;2;1;1;1;1;1;1;1;1
2;2;1;2;1;2;2;1;2;1;2;2;2;2;2;1;2;2;2;1;1;2
2;2;1;1;2;2;2;1;2;2;1;2;2;2;2;1;1;2;2;2;2;1
2;2;1;1;1;1;2;1;1;1;1;1;1;1;2;1;1;1;1;1;1;1
2;2;1;1;1;2;2;1;1;1;2;2;2;2;2;1;2;2;2;1;1;1
2;1;1;1;1;1;1;1;1;1;1;1;1;1;1;1;1;1;1;1;1;1
2;2;1;1;1;1;1;1;2;1;2;2;2;2;2;2;1;1;2;1;1;1
2;2;1;1;1;1;2;1;2;1;1; ;2;2;1;1;1;1;2;1;1;1
2;2;2;1;1;2;1;2;2;2;1;1;2;2;2;1;1;2;1;2;1;1
2;2;2;2;1;2;2;1;2;2;1;2;2;2;2;1;2;2;2;1;1;1
2;3;2;1;2; ;1;1;2;2;1;1;2;1;2;1;2;2;3;2;1;1
2;1;2;1;1;2;2;2;1;1;1;1;1;1;1;1;1;1;1;1;1;1
2;1;1;1;1;1;1;1;1;1;1;1;2;1;2;1;1;1;1;1;1;1
2; ; ; ; ; ; ; ; ; ; ; ; ; ; ; ; ; ; ; ; ; 
2;2;1;2;1;1;2;1;1;1;1;1;1;2;1;1;1;1;1;1;1;1
2;1;1;1;1;1;1;1;1;1;1;1;2;2;1;1;1;1;1;2;1;1
2;2;2;1;1;1;2;1;2;1;1;1;2;2;1;1;1; ;2;2;1;1
2;1;2;1;1;1;1;1;1;1;1;1;2;1;1;1;1;1;1;1;1;1
2;2;1;2;1;2;1;3;1;2;2;2;2;2;2;1;2;2;2;2;1;1
2;3;2;1;1;2;2;1;2;1;1;2;2;2;1;2;2;2;2;2;1;1
2;3;2;1;1;1;2;1;2;1;1;2;2;1;2;1;1;1;2;1;1;1
2;1;2;2;1;2;2;1;1;1;2;1;2;2;1;1;2;2;2;1;2;2
2;2;2;2;2;2;2;1;1;1;1;2;1;2;1;1;2;1;2;2;1;1
2;2;2;2;2;2;3;2;3;3;2;3;3;3;3;2;2;2;3;3;2;1
2;2;2;2;2;2;2;1;2;2;1;2;2; ;1;2;2;2;2;2;1;1
2;2;2;1;2;1;2;2;3;2;1;3;4;1;1;2;1;1;2;2;1;1
2;3;1;1;1;1;2;1;1;1;1;1;1;2;1;1;1;1;1;1;1;1
2;3;1;2;3;1;2;1;2;1;1;2;3;2;2;1;1;1;2;3;1;1
2;2;1;2;1;3;1;1;1;1;2;1;1;3;1;1;2; ;3;1;1;1
2;2;2;2;1;3;1;1;1;1;2;2;3;3;1;1;3;1;2;1;1;1
2; ; ; ; ; ; ; ; ; ; ; ; ; ; ; ; ; ; ; ; ; 
2;2;1;2;2;1;2;1;2;1;2;2;2;2;2;2;2;2;2;2;1;2
2;2;2;2;2;3;2;2;3;3;2;2;2;3;2;2;2;2;2;3;2;2
2; ; ; ; ; ; ; ; ; ; ; ; ; ; ; ; ; ; ; ; ; 
2; ; ; ; ; ; ; ; ; ; ; ; ; ; ; ; ; ; ; ; ; 
2;1;1;1;1;2;2;1;1;1;1;2;1;2;2;1;2;1;2;1;1;1
2; ; ; ; ; ; ; ; ; ; ; ; ; ; ; ; ; ; ; ; ; 
2;1;2;2;1;2;2;1;2;2;1;2;3;2;4;1;1;1;3;2;1;1
2;2;2;1;1;2;1;1;2;1;1;2;2;2;2;1;2;1;2;1;1;1
2;2;1;1;1;2;2;1;2;1;2;2;2;2;2;2;1;1;2;1;2;1
2;2;2;2;2;2;2;2;2;2;2;2;2;2;2;2;2;2;2;2;2;2
2;1;2;1;1;1;1;1;2;2;1;1;2;1;1;1;1;1;1;1;1;1
2;3;2;2;2;2;2;2;2;2;2;2;2;2;2;2; ;2;2;2;2;2
2;3;1;3;2;2;2;1;2;2;2;2;3; ;2;1;3;2;2;3;2;2
2;2;1;2;1;2;2;1;2;1;2;2;2;2;1;1;2;1;2;1;1;1
2;2;2;2;2;2;2;1;2;2;2;2;2;2;1;1;2;1;2;2;2;1
2;1;1;1;1;1;1;1;1;1;1;1;1;1;1;1;1;1;1;1;1;1
2;2;1;1;1;2;2;1;2;1;1;3;3;2;2;1;1;1;2;1;1;1
2;2;2; ;1;2;2;1;2;2;1;2;2;2;2;1;1;1;2;2;1;1
2;1;2;3;2;2;3;4;3;2;4;4;4;4;3;3;3;4; ;2;2;2
2; ; ; ; ; ; ; ; ; ; ; ; ; ; ; ; ; ; ; ; ; 
2;3;1;2;1;2;2;1;3;2;1;1;1;2;2;1;1;1;2;3;1;1
2;2;1;1;1;1;1;1;2;2;1;2;2;2;2;1;1;1;2;1;1;1
2;2;1;1;1;1;1;1;1;1;1;2;1;1; ;1;1;2;2;1;1;1
2;3;1;2;1;2;2;1;2;2;1;2;2;2;4;1;2;2;4;1;1;1
2; ; ; ; ; ; ; ; ; ; ; ; ; ; ; ; ; ; ; ; ; 
2;2;2;1;2;2;1;1;2;2;1;2;2;2;2;2;1;2;2;2;1;1
2;2;1;2;1;1;2;2;2;1;1;1;2;3;2;1;1;1;2;1;1;1
2;4;4;4;3;4;2;2;4;2;4;4;4;4;2;2;4;4;3;4;2;4
2;2;2;2;2;1;2;1;2;1;1;2;2;2;3;1;2;1;2;2;1;1
2; ; ; ; ; ; ; ; ; ; ; ; ; ; ; ; ; ; ; ; ; 
2;2;1;1;1;2;3;1;2;2;1;3;2;2;3;1;2;2;3;1;2;2
2;1;1;1;1;2;1;1;1;2;1;1;1;2;1;1;1;1;1;2;1;1
2;2;1;2;1;2;1;1;1;1;2;1;2;2;2;1;2;2;2;1;1;2
2;3;3;2;3;2;3;3;3;3;2;3;3;3;3;3;3;2;3;3;3;2
2;2;1;1;1;1;2;1;1;2;1;2;1;1;1;1;1;1;2;1;1;1
2;2;1;2;1;2;2;1;1;1;1;1;2;1;1;1;1;1;1;1;1;1
2;2;1;2;1;2;2;1;1;1;2;1;1;2;1;1;1;1;1;1;1;1
2;2;2;2;2;4;2;1;3;1;1;3;3;3;2;1;4;1;3;2;2;1
2;2;2;2;1;1;1;1;2;1;2;2;2;2;2;1;1;2;2;1;1;1
2;2;2;2;2;2;2;2;2;2;2;2;2;2;2;2;2;2;2;2;2;3
2;2;2;1;1;2;2;2;2;2;1;2;2;2;2;2;2;1;2;1;1;1
2;2;2;2;1;2;2;1;2;1;2;1;3;2;2;1;2;2;2;1;2;2
2;2;1;1;2;1;2;1;3;1;1;2;1;2;3;1;1;2;3;1;2;1
2;1;2;1;1;1;3;1;2;2;1;2;2;3;2;2;1;2;2;1;1;1
2; ; ; ; ; ; ; ; ; ; ; ; ; ; ; ; ; ; ; ; ; 
2;2;2;2;1;1;1;4;4;4;1;3;4;4; ;2;2;2;1;1;1;1
2;2;2;2;1;1;2;1;3;2;2;3;3;3;3;2;2;2;4;2;2;2
2;2;1;1;1;2;1;1;1;1;1;1;2;2;1;1;1; ;2;1;1;1
2;1;1;2;1;2;2;1;1;1;1;1;2;2;2;1;1;1;2;1;2;1
2;2;2;3;1;3;2;2;2;2;2;2;2;2;2;2;2;2;2;2;2;2
2;2;1;2;2;1;1;1;2;1;1;2;2;1;1;1;1;1;2;1;1;1
2;1;1;1;1;1;2;1;1;2;1;2;2;2;2;1;1;1;1;1;1;1
2;2;2;1;1;2;2;1;2;1;1;2;2;1;2;2;1;1;1;2;1;1
2;2;2;2;2;3;2;1;2;1;1;3;3;3;2;1;2;1;2;2;1;1
2;2;1;1;1;2;1;1;1;1;1;1;1;1;1;1;2;1;1;1;1;1
2;2;1;1;1;2;2;1;2;1;1;2;2;2;2;1;2;1;2;1;2;1
2;1;2;2;2;2; ;1;1;1;2;1;1;2;2;1;1;1;2;1;1;1
2;3;2;2;1;2;2;2;2;3;2;2;2;2;2;2;3;3;2;3;2;2
2;2;1;1;1;1;1;1;1;1;1;1;1;2;1;1;1;1;1;1;1;1
2;2;1;2;1;1;2;1;2;1;2;1;2;2;2;1;1;1;2;1;1;1
2;2;2;2;2;2;2;2;2;1;1;2;2;2;1;1;1;1;2;1;2;1
2;3;2;3;2;2;2;1;2;1;2;3;3;2;2;1;2;1;2;2;1;2
2;3;1;1;2;2;2;2;2;3;1;2;2;2;2;2;1;1;2;2;2;1
2;1;1;1;1;2;1;2;2;1;1;1;2;2;1;1;1;1;1;1;1;1
2;2;2;2;1;2;2;1;2;2;2;2;3;3;2;1;1;2;3;2;2;1
2;2;1;1;1;1;2;1; ;1;1;1;1;1;1;1;1;1;1;1;1;1
2; ;1;1;2;2;2;1;2;2;1;3;3;2;2;2;4;1;3;1;1;1
2;2;1;1;1;2;2;2;2;1;1;2;1;2;1;1;2;1;2;1;1;1
2;3;4;4;3;4;4;2;2;2;2;1;4;3;3;3;4;2;1;2;2;3
2;2;1;2;1;1;3;1;3;2;4;3;3;3;4;2;3;4;4;3;1;3
2;1;2;2;2;1;1;2;1;1;1;2;3;2;1;1;2;1;1;3;2;1
2;3;2;2;2;3;3;2;3;2;2;2;2;2;2;1;2;2;3;2;2;2
2; ; ; ; ; ; ; ; ; ; ; ; ; ; ; ; ; ; ; ; ; 
2;2;1;2;2;3;3;1;2;3;1;2;3;3;2;2;2;1;2;4;2;1
2;2;3;1;2;1;2;1;2;2;1;2;2;1;2;1;2;1;2;1;1;1
2;4;4;4;4;4;4;3;4;4;4;4;4;4;4;4;4;3;3;4;2;3
2;3;2;2;2;2;2;2;2;2;1;2;2;2;1;1;1;1;2;2;2;1
2;2;2;2;2;2;1;1;2;2;1;2;2;2;2;1;1;1;2;2;1;1
2;2;2;4;1;4;2;1;2;2;4;3;4;4;2;2;4;4;2;1;1;4
2;1;1;1;1;1;2;1;2;1;1;2;2;2;2;1;1;1;2;1;1;1
2;2;2;1;1;2;1;2;2;1;1;2;2;2;1;1;1;2;2;2;1;1
2;3;1;1;1;1;2;1;1;1;2;3;1;1;1;1;1;1;2;1;1;1
2;4;4;4;4;1;4;4;4;4;4;4;4;4;4;4;4;4;4;4;4;4
2;4;4;2;2;3;3;2;2;2;4;2;2;2;2;2;3;4;3;3;2;1
2;1;2;2;2;3;3;2;4;3;3;3;4;3;2;3;2;2;3;3;1;1
2;1;1;1;2;2;4;2;3;2;1;2;2;2;3;2;1;1;2;1;2;1
2;4;1;2;1;1;4;1;3;2;2;4;4;4;4;3;2;3;4;1;1;3
2;2;2;1;1;2;1;1;1;1;1;1;2;1;2;1;2;1;2; ; ;1
2;3;2;2;2;3;3;1;3;2;2;3;3;3;1;2;2;1;3;1;1;1
2;2;2;2;3;2;2;1;2;2;1;2;2;2;2;2;1;1;3;2;2;1
2;2;1;1;1;3;2;1;1;1;1;1;1;2;2;1;1;1;3;1;1;1
2;2;3;2;1;1;2;1;1;1;1;1;2;2;2;1;1;1;2;1;1;1
2;2;2;1;2;1;1;1;2;1;1;2;2;2;1;1;1;1;2;2;1;1
2;2;2;2;1;2;3;1;2;3;2;2;2;3;2;1;3;2;3;1;1;3
2;2;1;2;1;2;1;1;2;1;2;1;2;2;1;1;2;2;2;1;1;2
2;2;3;1;1;3;3;1;4;2;1;2;1;1;2;1;1;1;3;1;1;1
2;4;2;2;3;1;4;3;3;3;2;3;4;4;4;4;3;2;4;3;3;2
2;2;1;1;1;1;2;1;2;1;1;1;2;1;1;1;1;2;2;1;1;1
2;1;1;1;1;1;1;1;1;1;1;1;1;1;1;1;1;1;1;1;1;1
2;1;1;1;1;2;1;1;1;1;1;1;1;2;2;1;1;1;1;1;1;1
2;1;1;1;1;3;1;1;1;1;1;1;1;1;1;1;1;1;1;1;1;1
2;2;1;1;2;2;2;1;2;2;1;1;2;2;2;1;1;1;1;2;1;1
2;4;1;4;2;4;4;2;4;2;4;3;4;4;4;3;4;4;4;4;4;4
2;2;3;2;2;2;3;2;3;3;2;3;4;3;3;2;2;1;2;3;3;1
2;1;2;1;1;1;2;1;1;1;1;1;2;2;1;1;2;1;1;1;1;1
2;4;1;4;2;4;4;2;4;2;4;2;4;4;4;2;4;4;4;3;3;4
2;2;2;1;1;2;2;1;1;1;1;1;1;2;2;1;2;2;1;1;2;1
2;2;1;2;1;2;2;1;2;1;1;1;2;2;1;1;1;1;2;1;1;1
2;2;1;2;2;4;2;1;2;1;1;1;3;4;2;2;3;3;2;2;2;2
2;2;2;2;1;2;2;1;2;1;2;2;2;2;2;1;2;2;2;1;1;1
2; ; ; ; ; ; ; ; ; ; ; ; ; ; ; ; ; ; ; ; ; 
2;2;1;1;1;2;2;1;1;1;1;1;2;2;1;1;1;1;1;1;1;1
2;2;2;2;1;1;1;2;2;1;1;2;2;1;1;1;1;1;1;1;1;1
2; ; ; ; ; ; ; ; ; ; ; ; ; ; ; ; ; ; ; ; ; 
2;4;3;4;4;4;4;3;4;4;4;4;4;4;4;4;4;4;4;4;4;4
2;2;1;2;1;2;2;2;2;2;3;2;2;3;2;2;2;2;2;2;1;2
2;1;1;1;1;1;2;1;2;2;1;1;2;2;2;1;1;1;2;1;1;1
2;2;2;2;2;2;2;1;2;1;1;3;3;2;1;1;1;1;1;1;1;1
2;2;2;1;2;3;1;1;3;1;1;3;2;2;2;1;2;1;3;2;1;1
2;2;2;2;2;2;2;1;2;1;1;2;2;2;2;2;2;1;3;2;2;1
2;1;1;1;1;2;1;1;1;1;1;1;1;1;1;1;1;1;1;1;1;1
2; ; ; ; ; ; ; ; ; ; ; ; ; ; ; ; ; ; ; ; ; 
2;3;2;2;2;1;3;3;3;1;1;2;4;2;2;1;1;1;3;2;1;1
2;2;1;3;1;4;2;1;2;2;1;2;1;1;3;1;2;2;2;1;1;2
2;2;2;2;2;1;2;3;2;1;1;1;1;2;1;2;2;1;2;2;1;1
2; ; ; ; ; ; ; ; ; ; ; ; ; ; ; ; ; ; ; ; ; 
2;1;2;1;1;2;2;1;2;1;1;2;2;1;2;1;2;1;2;1;1;1
2;2;1;1;1;1;3;1;1;2;1;3;3;1;2;1;2;1;1;1;1;1
2;2;1;2;1;2;2;1;2;2;1;3;2;2;2;1;2;2;2;2;2;1
2;2;2;2;1;2;3; ; ;2;2;3;2;2;2;2;2;2;3;2;2;1
2;2;1;1;1;1;2;1;1;1;1;2;2;2;2;1;1;1;1;1;1;1
2;2;2;1;1;1;1;2;2;1;1;2;2;2;1;1;1;1;2;1;1;1
2; ; ; ; ; ; ; ; ; ; ; ; ; ; ; ; ; ; ; ; ; 
2;1;1;1;1;2;2;1;2;1;1;2;2;2;2;1;1;1;2;1;1;1
2;1;1;1;1;2;2;1;2;1;1;2;2;1;1;1;1;1;2;1;1;1
2;2;2;2;1; ;2;2;3;3;1;2;2;2;2;2;2;1;3;1;1;1
2; ;3;2;2;2;1;1;2;2;3;2;1;2;2;1;2;2;2;2;1;2
2;2;1;1;1;3;2;1;2;1;1;1;2;1;2;1;1;1;2;1;1;1
2;2;2;2;1;2;2;1;1;1;2;2;2;1;2;1;1;1;2;2;1;1
2;3;1;2;1;2;3;1;2;1;1;3;3;2;2;1;1;1;2;1;1;1
2; ; ; ; ; ; ; ; ; ; ; ; ; ; ; ; ; ; ; ; ; 
2;2;2;2;2;3;2;1;2;1;1;2;2;2;2;2;2;1;2;1;1;1
2;4;1;4;3;3;3;4;3;2;4;4;4;4;2;3;4;4;4;2;3;4
2;1;1;1;1;1;1;1;2;1;1;1;2;2;2;1;1;1;1;1;1;1
2;2;4;2;1;2;2;1;2;1;1;2;2;3;2;1;1;1;3;2;1;1
2; ; ; ; ; ; ; ; ; ; ; ; ; ; ; ; ; ; ; ; ; 
2;1;1;1;1;1;1;1;2;2;1;1;1;1;1;1;1;1;1;1;1;1
2;1;1;2;1;2;1;2;2;2;1;2;2;2;1;1;1;1;1;2;1;1
2;2;2;2;1;2;1;1;2;2;3;1;1;3;2;1;2;1;1;1;2;2
2;1;1;1;2;2;1;1;1;2;1;2;1;2;3;1;2;1;2;1;1;1
2;3;2;3;3;2;3;2;3;3;2;3;3;3;3;2;2;3;3;3;2;2
2;1;2;2;1;1;1;1;1;1;2;2;2;2;1;1;2;2; ;2;1;2
2;2;2;2;1;2;1;1;2;2;2;2;2;2;2;1;2;1;2;1;2;1
2;3;2;2;1;1;2;1;2;1;1;2;2; ; ;1;2;2;2;1;1;1
2;4;1;4;4;4;4;4;4;4;4;4;4;4;3;4;3;4;4;4;4;2
2;3;3;2;2;3;2;3;3;2;2;2;2;2;2;3;1;1; ;2;4;1
2;3;3;2;2;1;2;2;3;3;1;3;3;2;2;2;2;1;2;3;3;1
2;1;2;1;1;1;1;1;1;1;1;1;2;2;1;1;1;1;1;1;1;1
2;2;1;1;1;2;2;1;2;2;1;2;2;2;2;1;1;1;2;2;2;1
2;2;2;2;2;1;2;1;2;3;2;2;2;3; ;2; ;1;2;1;1;2
2;4;2;2;1;3;4;2;4;1;2;2;3;3;3;1;2;3;4;1;3;2
2;4;4;4;3;3;4;4;4;4;4;4;4;4;3;4;4;4;3;4;4;4
2;2;3;3;3;4;3;3;3;3;3;2;3;3;2;2;3;3;2;1;1;3
2;2;1;2;1;2;2;1;2;1;1;2;2;2;2;2;1;1;1;1;1;1
2;1;3;2;2;1;3;3;3;1;1;4;4;3;4;1;3;1;3;4;1;1
2;2;2;2;2;2;3;1;1;1;3;1;1;1;1;1;1;1;1;1;1;1
2;2;1;2;1;2;2;2;2;2;1;1;1;2;1;1;1;2;2;1;1;1
2;1;2;1;3;1;2;2;2;1;1;2;3;1;1;1;1;1;1;4;2;1
2;1;1;1;1;2;2;1;2;1;1;1;2;2;2;1;1;3;1;1;1;2
2;2;1;2;1;1;2;1;2;2;2;2;2;2;2;2;2;2;2;2;1;1
2;2;2;2;2;2;2;2;2;2;2;2;2;2;2;2;2;2;2;2;2;2
2;2;1;2;1;2;2;1;2;2;2;2;2;2;2;1;2;1;2;1;1;1
2;2;1;1;1;1;1;1;2;1;1;2;2;1;1;1;1;1;1;1;1;1
2;2;1;4;2;4; ;1;1;1;3;1;2; ;1;1;3;4;1;2;2;4
2;2;1;1;1;1;2;1;2;2;1;3;3;2;2;2;2;1;2;1;1;1
2;1;1;1;1;1;1;1;1;1;1;2;2;1;1;1;1;1;1;1;1;1
2;2;2;2;1;3;2;1;2;3;2;3;3;2;2;1;3;2;1;1;1;2
2; ; ; ; ; ; ; ; ; ; ; ; ; ; ; ; ; ; ; ; ; 
2;2;1;1;1;2;1;1;2;1;1;2;2;2;1;1;1;2;2;1;1;1
2;1;4;1;1;1;1;1;1;1;1;1;3;1;2;3; ;1;1;1;1;1
2;3;2;1;1;1;2;1;2;1;1;2;3;2;2;1;2;1;3;1;1;2
2;2;2;2;1;3;1;4;2;2;3;1;4;2;4;1;4;2;2;2;1;2
2;2;1;2;2;2;2;1;2;2;1;1;1;1;2;2;2;3;2;1;2;3
2;2;1;1;1;2;2;1;1;2;1;2;2;2;1;1;1;1;2;1;1;1
2;2;2;2;2;2;2;3;3;3;1;1;3;2;3;3;2;2;1;4;1;1
2;2;1;2;1;2;2;2;2;1;2;2;2;2;1;2;2;2;2;2;1;2
2; ; ; ; ; ; ; ; ; ; ; ; ; ; ; ; ; ; ; ; ; 
2;2;1;1;1;1;2;2;2;1;1;2;2;2;1;1;1;1;2;1;1;1
2;2;1;3;2;3;3;2;2;2;3;2;3;3;1;2;2;3;4;2;3;2
2;3;2;2;1;1;2;1;2;2;2;2;2;2;1;1;1;1;2;2;2;1
2;1;2;2;2;2;2;1;2;2;1;2;2;2;1;2;1;2;2;1;1;1
2; ; ; ; ; ; ; ; ; ; ; ; ; ; ; ; ; ; ; ; ; 
2;3;2;3;1;4;3;2;2;2;1;1;2;2;2;1;2;2;2;1;4;1
2;2;1;1;1;2;2;1;2;1;1;2;2;2;3;1;2;1;2;1;1;1
2;3;2;3;2;2;3;1;3;3;1;2;2;3;2;3;3;3;4;2;2;2
2;2;2;2;1;1;1;1;1;1;1;1;1;1;1;1;1;1;1;1;1;1
2;3;4;2;2;2;3;4;3;2;2;4;4;3;3;1;2;1;4;3;2;3
2;1;1;1;1;1;1;2;2;2;2;2;2;2;2;1;2;2;2;2;1;2
2; ; ; ; ; ; ; ; ; ; ; ; ; ; ; ; ; ; ; ; ; 
2;2;4;1;2;3;3;3;2;4;2;1;1;4;4;1;1;1;4;1;1;1
2;2;1;2;1;2;2;1;2;1;2;2;2;3;2;1;3;2;3;1;1;2
2;2;2;3;2;1;2;2;3;2;4;2;2;4;3;2;4;4;2;2;2;3
2;1;1;1;2;1;1;1;1;1;1;1;1;2;1;1;1;1;1;1;1;1
2; ; ; ; ; ; ; ; ; ; ; ; ; ; ; ; ; ; ; ; ; 
2;2;2;3;2;2;2;3;3;3;3;3;2;3;3;2;3;3;3;1;1;2
2;2;1;1;1;1;2;1;1;2;1;1;2;1;2;1;1;1;1;2;1;1
2;3;1;3;1;2;2;2;2;4;3;3;4;4;2;4;3;4;3;1;2;1
2;2;1;3;2;2;3;1;4;2;3;3;3;4;3;4;4; ;3;3;3;3
2;2;1;2;3;2;2;2;3;3;1;2;2;2;1;1;1;1;2;1;1;1
2;2;4;2;2;4;2;3;3;4;2;2;3;4;3;1;4;3;2;3;2;2
2; ; ; ; ; ; ; ; ; ; ; ; ; ; ; ; ; ; ; ; ; 
2;2;1;2;1;2;2;1;2;2;1;1;2;1;1;1;1;1;1;2;1;1
2;2;1;2;1;1;1;1;1;1;1;1;1;1;2;1;1;1;2;1;1;1
2;2;2;3;2;1;2;1;3;3;2;2;4;2;2;3;2;3;3;3;2;3
2;2;2;1;1;2;2;1;2;1;1;1;1;2;2;1;1;1;2;3;2;1
2;4;3;4;3;2;1;3;2;2;2;2;2;2;2;2;2;2;2;1;2;2
2;3;3;3;2;3;3;1;2;2;2;2;3;4;3;1;2;2;2;3;2;4
2;3;4;2;4;2;3;2;3;1;2;4;4;3;4;2;3;3;4;2;1;2
2;2;2;2;2;3;3;2;3;2;3;2;4;4;2;1;3;3;3;2;2;4
2;2;1;1;1;1;2;1;2;1;1;2;2;1;2;1;1;1;1;1;1;1
2; ; ; ; ; ; ; ; ; ; ; ; ; ; ; ; ; ; ; ; ; 
2;2;1;1;1;1;2;1;2;2;1;3;2;2;3;1;1;3;3;1;1;1
2; ; ; ; ; ; ; ; ; ; ; ; ; ; ; ; ; ; ; ; ; 
2;3;2;3;3;3;3;3;3;3;3;3;4;3;3;3;3;4;3;3;3;3
2;2;1;1;1;2;2;2; ;1;1;1;2;2;2;1;2;4;1;1;1;1
2;4;2;3;3;3;3;3;3;3;3;3;3;3;3;3;3;3;3;3;3;3
2;2;2;2;2;2;3;1;3;1;1;2;2;3;2;1;2;2;3;2;1;2
2;3;1;1;1;2;2;1;2;1;1;1;2;1;2;1;3;1;2;1;1;1
2;2;2; ;2;2;2;1;1;1;1;2;2;2;2;2;2;2;2;2;2;1
2;3;1;2;2;1;2;1;2;1;1;1;2;2;1;1;1;2;3;1;2;1
2;3;2;2;2;2;3;1;3; ;2;3;4;3;4;4; ;2;3; ;2;3
2; ; ; ; ; ; ; ; ; ; ; ; ; ; ; ; ; ; ; ; ; 
2;3;4;1;1;1;3;2;2;1;1;2;2;1;3;1;1;1;3;3;1;1
2;2;2;2;2;3;2;3;2;2;2;2;2;2;1;2;2;3;2;1;2;2
2;2;2;2;2;3;3;2;3;2;2;2;3;2;2;2;2;2;3;2;3;2
2; ; ; ; ; ; ; ; ; ; ; ; ; ; ; ; ; ; ; ; ; 
2;2;2;1;2;1;2;2;2;2;1;2;2;1;2;2;1;1;2;2;2;1
