SV1;SV2;SV3;SV4;SV5;animado;dinamico;entusiasmado;inspirado;produtivo;amedrontado;inquieto;irritado;nervoso;perturbado;idade;sexo;renda;rendafam
1;3;1;5;1;2;3;3;2;2;2;5;5;2;5;27;1;2;1
1;4;4;1;1;3;3;2;3;4;1;1;1;2;1;32;2;2;1
1;4;4;1;1;3;3;2;3;4;1;1;1;2;1;33;2;5;4
2;3;4;4;2;2;5;5;4;3;3;5;3;5;4;30;1;2;1
2;5;1;7;1;1;4;2;4;3;1;2;5;5;5;19;2;3;2
2;2;3;4;1;1;2;1;2;1;3;4;4;4;2;27;2;3;2
2;5;5;4;1;5;5;5;3;3;4;5;5;5;5;18;2;5;4
2;1;3;4;1;1;2;1;2;1;3;4;4;4;2;24;2;3;2
3;2;3;4;3;3;3;3;2;3;2;2;2;2;2;23;1;2;1
3;5;5;4;4;5;4;4;5;4;2;3;3;3;1;22;1;3;2
3;6;3;2;3;5;5;4;3;5;1;4;3;4;2;20;1;6;4
3;3;4;2;3;4;3;4;3;4;2;2;2;2;2;24;1;3;2
3;7;5;5;2;4;3;2;3;3;2;2;2;3;2;38;2;3;2
3;6;4;3;3;5;3;4;4;4;2;3;4;2;1;18;1;5;4
3;6;6;5;7;4;5;3;3;3;1;1;3;1;1;19;2;4;3
3;6;7;6;6;3;4;3;5;5;2;1;1;1;1;20;2;3;2
3;3;4;4;3;2;2;2;2;2;3;4;1;3;2;19;2;5;4
3;5;5;5;3;3;4;3;3;3;1;5;4;1;1;19;2;3;2
3;7;5;6;6;3;4;3;5;5;2;1;1;1;1;18;1;3;2
3;5;5;5;1;5;5;5;3;3;4;5;5;5;5;21;2;5;4
3;7;4;5;2;4;3;2;3;4;2;2;2;3;2;23;1;3;2
3;2;3;3;3;3;3;3;2;3;2;2;2;2;2;26;2;2;1
4;4;6;7;7;3;4;2;3;4;1;4;1;1;1;19;2;4;3
4;7;6;5;4;4;4;4;4;4;4;2;2;3;2;24;2;4;3
4;4;6;6;4;4;3;4;3;3;2;1;2;2;1;23;2;4;3
4;3;4;5;4;3;2;2;2;3;3;2;4;2;2;20;2;2;1
4;4;4;4;2;2;3;1;2;3;3;4;5;5;2;30;2;3;2
4;4;5;5;6;4;3;4;3;4;1;1;1;1;1;22;1;3;2
4;4;4;4;5;4;4;4;3;4;1;1;2;1;1;38;2;4;3
4;4;6;7;4;4;4;3;4;4;2;4;3;4;1;20;2;2;1
4;5;4;4;6;4;5;4;4;4;1;4;2;2;1;23;1;5;4
4;4;6;7;7;3;3;5;4;3;1;2;2;4;1;23;1;3;2
4;4;7;7;4;5;3;5;1;3;2;3;2;4;2;19;2;2;1
4;6;6;6;4;3;4;3;3;3;2;1;3;3;3;22;2;4;3
4;5;7;7;5;4;3;5;4;4;3;5;5;3;1;23;2;5;4
4;3;6;7;7;3;5;5;5;4;2;4;4;3;3;18;1;4;3
4;5;4;5;6;4;4;3;3;4;3;4;3;4;2;20;2;4;3
4;5;6;7;1;3;3;2;3;5;1;1;1;4;4;30;2;3;2
4;3;7;7;7;3;3;4;2;2;1;2;1;2;1;18;2;3;2
4;6;5;6;4;4;4;3;3;3;1;2;3;2;2;18;1;5;4
4;4;4;3;1;2;3;2;2;3;3;4;5;3;1;33;2;4;3
4;4;4;4;4;4;5;5;4;5;1;1;3;1;1;37;2;4;3
4;4;4;4;4;4;3;4;3;4;2;3;2;2;1;29;1;2;1
4;6;6;5;7;4;5;3;3;3;1;1;3;1;1;20;2;4;3
4;3;2;5;4;3;2;2;1;3;3;2;4;2;2;19;2;2;1
4;6;5;6;4;4;5;3;3;3;1;2;3;2;2;18;2;5;4
4;4;6;7;7;3;4;2;3;4;1;4;1;1;1;22;2;4;3
5;6;6;6;5;3;2;3;2;4;1;2;2;3;2;20;2;4;3
5;6;6;7;7;5;5;5;4;4;1;3;3;3;1;20;2;5;4
5;4;5;6;4;4;3;4;2;5;2;3;2;3;1;23;2;4;3
5;6;6;6;5;3;2;3;2;3;4;3;4;4;1;23;2;5;4
5;6;7;6;6;4;4;4;4;5;2;2;2;2;2;23;2;3;2
5;5;5;5;5;4;3;5;1;3;2;1;1;1;1;20;2;2;1
5;5;6;5;3;4;4;5;5;4;1;2;3;2;1;22;1;5;4
5;6;6;7;7;4;5;4;4;4;3;3;3;2;2;24;2;3;2
5;6;6;6;7;4;3;5;2;3;2;4;5;5;4;24;2;2;1
5;3;4;4;3;3;3;4;2;4;2;4;4;3;4;23;1;3;2
5;7;6;7;3;4;5;4;4;5;1;3;3;2;2;21;1;5;4
5;4;4;4;3;4;4;4;4;4;2;3;2;2;2;23;1;5;4
5;6;6;7;6;5;5;5;5;5;1;4;3;3;2;25;1;3;2
5;4;5;6;7;5;5;5;5;5;1;1;2;1;1;24;2;2;1
5;5;5;6;7;4;4;4;3;4;1;3;3;4;3;21;1;5;4
5;4;5;4;6;3;4;4;4;4;3;4;1;2;1;21;2;2;1
5;5;5;5;5;5;3;4;4;4;1;5;2;4;2;20;1;3;2
5;7;6;4;2;5;4;4;3;5;2;3;4;4;3;19;1;4;3
5;4;5;4;6;3;3;3;3;3;1;1;1;1;1;22;2;3;2
5;5;7;4;4;4;3;4;4;3;2;1;1;2;2;23;2;2;1
5;4;5;6;5;4;4;4;4;5;2;3;3;3;2;37;1;1;1
5;4;5;6;3;4;5;4;2;4;3;4;3;3;1;21;2;3;2
5;5;6;5;6;3;5;5;5;5;1;5;3;2;1;26;2;3;2
5;7;6;5;3;4;4;3;3;4;2;4;4;4;3;31;2;5;4
5;7;6;6;5;5;5;5;5;4;1;2;2;3;2;36;1;3;2
5;6;5;6;5;4;5;4;4;4;2;4;4;5;4;20;1;4;3
5;5;5;6;6;4;4;4;4;4;1;1;2;3;1;28;1;2;1
5;6;6;6;6;4;3;3;4;3;2;2;2;2;1;40;1;4;3
5;6;6;5;6;4;4;3;2;2;5;5;5;4;4;28;2;2;1
5;5;5;5;5;4;4;4;3;4;2;2;2;2;2;57;2;4;3
5;6;7;6;7;4;4;5;3;4;2;2;2;3;1;25;2;6;4
5;5;6;6;5;3;4;3;3;4;2;2;1;2;2;21;2;2;1
5;4;4;4;3;3;3;3;2;3;1;3;3;2;1;27;2;2;1
5;3;4;4;3;4;3;4;3;3;2;1;2;2;1;19;2;3;2
5;5;4;6;6;5;5;4;3;3;2;3;4;1;3;23;1;4;3
5;5;5;5;5;5;2;5;4;5;2;2;2;2;2;36;2;2;1
5;4;5;5;6;4;3;3;3;3;2;3;3;2;1;21;1;1;1
5;4;5;3;2;2;3;3;3;3;3;4;3;4;3;23;2;1;1
5;6;7;5;6;5;4;4;4;3;2;4;4;4;1;22;1;4;3
5;5;5;6;4;4;3;3;1;2;2;2;3;1;2;28;1;4;3
5;4;6;4;2;4;4;4;2;4;2;4;4;3;1;20;2;4;3
5;4;5;6;3;4;3;3;3;4;2;2;2;2;1;20;2;5;4
5;5;6;7;6;4;3;4;4;3;2;2;2;2;1;19;2;3;2
5;7;7;7;7;3;5;3;3;3;2;2;3;3;1;19;2;4;3
5;6;6;6;5;3;2;3;2;3;4;3;4;4;1;24;2;5;4
5;7;6;5;4;4;4;4;4;4;4;2;2;3;2;26;1;4;3
5;5;7;4;4;4;3;4;4;3;2;1;1;2;2;24;2;2;1
5;6;5;6;5;3;2;3;2;4;1;2;2;3;2;23;2;4;3
5;4;6;6;4;4;3;4;3;3;2;1;2;2;1;26;2;4;3
5;7;7;6;5;5;5;5;5;4;1;2;2;3;2;29;2;3;2
5;4;7;7;6;5;4;3;3;5;1;2;2;1;1;23;2;2;1
5;6;7;6;7;4;5;5;3;4;2;2;1;3;1;24;2;6;4
5;5;6;4;5;3;4;3;3;4;2;2;1;2;1;23;2;2;1
5;5;4;6;6;4;4;4;4;4;1;1;2;3;1;26;1;2;1
5;6;7;6;6;4;3;3;4;3;2;2;2;2;1;37;2;4;3
5;6;6;6;7;4;3;5;2;3;2;4;4;5;4;18;2;3;2
5;3;4;4;3;4;3;4;2;4;2;4;4;3;4;28;1;3;2
5;6;6;6;7;5;5;5;4;4;1;3;3;3;1;31;2;5;4
5;4;5;4;4;4;3;4;2;5;2;3;2;4;1;28;2;4;3
5;6;6;7;5;4;3;5;1;3;2;1;1;1;1;24;2;2;1
5;6;6;6;6;4;4;4;4;4;2;2;2;1;2;31;2;3;2
6;4;5;4;1;3;3;3;4;3;2;4;4;3;2;33;2;4;3
6;6;6;6;5;4;5;5;3;3;2;1;2;2;2;21;2;4;3
6;6;6;7;7;4;5;4;4;4;1;2;1;1;1;25;2;2;1
6;5;2;6;6;5;3;4;3;4;4;4;4;3;3;38;1;3;2
6;5;6;6;5;3;4;4;4;5;1;3;2;1;1;34;1;5;4
6;6;6;5;5;5;3;5;3;4;3;2;4;5;2;25;2;2;1
6;6;5;6;5;4;5;5;5;5;1;1;1;1;1;22;1;6;4
6;5;6;6;5;4;3;3;3;4;1;2;3;3;2;22;1;4;3
6;6;6;6;7;5;4;5;5;4;1;3;1;2;1;20;1;6;4
6;7;7;7;6;4;4;5;4;4;1;4;1;2;1;29;1;2;1
6;5;7;4;7;5;4;4;3;4;4;3;2;2;1;19;2;4;3
6;5;6;7;6;3;4;3;3;2;3;2;2;2;2;28;2;4;3
6;7;7;7;7;5;5;4;5;5;2;2;1;2;1;19;1;1;1
6;7;7;7;7;4;4;5;4;5;1;1;1;1;1;24;2;3;2
6;6;6;7;4;4;4;4;4;5;1;2;2;1;1;22;2;2;1
6;5;5;6;6;4;3;4;3;4;1;2;2;1;1;42;2;2;1
6;5;6;6;4;4;4;4;4;4;2;3;2;2;2;22;1;2;1
6;2;3;7;2;4;4;4;4;4;1;1;2;2;2;36;1;2;1
6;7;6;6;6;4;3;3;2;3;2;1;2;2;1;22;1;5;4
6;6;6;5;6;4;3;4;4;3;1;3;2;2;1;21;2;3;2
6;3;5;5;1;3;5;2;3;3;1;2;2;2;2;18;2;3;2
6;7;7;7;3;5;4;4;4;3;2;1;2;1;1;25;1;2;1
6;7;5;6;3;1;1;1;1;2;4;5;5;5;5;23;1;4;3
6;5;7;6;6;4;5;4;3;3;1;1;2;2;1;18;2;3;2
6;4;7;7;6;5;4;3;3;4;1;2;1;1;1;18;2;2;1
6;5;6;6;6;5;5;4;3;4;2;2;2;3;1;20;1;5;4
6;4;5;6;2;3;3;3;3;3;2;2;2;2;2;28;1;3;2
6;6;6;5;4;5;4;4;4;3;4;2;2;5;2;18;1;4;3
6;6;6;7;7;5;5;5;4;4;2;3;3;2;1;18;2;5;4
6;3;5;6;5;4;4;4;3;3;2;2;2;2;2;35;1;2;1
6;4;3;7;7;2;4;4;4;4;2;4;4;2;2;25;2;2;1
6;6;6;7;4;4;4;4;5;4;1;1;1;1;1;20;2;4;3
6;6;3;7;1;3;4;4;4;3;4;4;4;4;4;20;2;2;1
6;4;7;6;6;4;5;4;3;4;1;2;1;2;1;20;1;5;4
6;6;7;7;7;4;4;3;3;4;1;1;2;1;1;20;1;3;2
6;6;6;7;6;3;4;4;4;4;1;1;1;1;1;40;1;3;2
6;7;6;7;7;4;5;4;4;4;1;2;1;1;1;27;1;2;1
6;4;5;6;2;3;3;3;3;3;2;2;2;2;2;26;1;3;2
6;7;6;7;6;4;3;4;5;3;1;3;1;2;1;23;2;3;2
6;7;7;7;7;5;5;4;5;5;2;2;1;2;1;18;1;1;1
6;5;7;7;6;4;5;4;3;3;1;1;2;2;1;22;2;3;2
6;4;5;4;1;3;3;3;4;3;2;4;4;3;2;28;1;4;3
7;6;7;7;5;5;5;3;5;5;4;4;4;4;4;52;2;6;4
7;5;5;6;7;5;5;4;3;4;2;4;3;2;2;22;2;3;2
7;4;6;7;7;5;5;4;4;4;3;4;3;3;1;20;2;4;3
7;4;5;6;4;4;3;4;3;3;1;3;2;5;2;22;2;4;3
7;6;6;6;6;4;5;4;4;4;1;2;3;1;1;27;2;4;3
7;4;7;5;7;4;4;4;4;4;2;3;1;3;2;55;1;3;2
7;7;7;7;4;2;2;2;1;2;2;4;5;5;1;25;2;4;3
7;6;7;7;7;4;4;4;4;5;1;2;3;2;1;40;1;3;2
7;6;7;7;5;5;5;4;3;4;1;1;2;3;1;21;1;5;4
7;7;7;7;4;2;2;2;1;2;2;4;5;5;1;22;2;4;3
7;6;6;6;5;4;5;5;3;3;2;1;2;2;2;18;1;4;3
7;6;7;7;5;5;5;3;5;5;4;4;4;4;4;21;2;6;4
